 -0.3398
  0.1792
  0.7033
   1.197
   1.625
   1.953
   2.155
   2.211
   2.111
   1.858
   1.469
  0.9711
  0.4001
 -0.2024
  -0.794
  -1.334
  -1.787
  -2.124
  -2.323
  -2.371
  -2.264
  -2.007
  -1.614
  -1.111
 -0.5302
 0.08705
  0.6965
   1.254
   1.718
   2.057
    2.25
   2.287
    2.17
   1.911
   1.533
   1.063
   0.533
-0.02088
 -0.5623
  -1.055
  -1.465
  -1.765
  -1.931
  -1.955
  -1.836
  -1.587
  -1.232
 -0.8031
  -0.336
  0.1321
  0.5664
  0.9373
   1.222
   1.403
   1.472
   1.429
   1.277
    1.03
  0.7084
  0.3388
 -0.0472
 -0.4158
 -0.7345
 -0.9752
  -1.118
  -1.152
  -1.079
  -0.909
 -0.6595
 -0.3547
 -0.0211
  0.3136
  0.6227
  0.8812
   1.067
   1.164
   1.158
   1.047
  0.8341
   0.534
  0.1698
 -0.2279
 -0.6242
 -0.9837
  -1.274
   -1.47
  -1.554
  -1.518
  -1.364
    -1.1
 -0.7438
 -0.3174
  0.1515
  0.6314
   1.088
   1.486
   1.793
    1.98
   2.028
   1.927
   1.683
    1.31
  0.8345
  0.2919
 -0.2795
 -0.8396
   -1.35
  -1.778
  -2.093
  -2.275
  -2.309
  -2.189
   -1.92
  -1.515
  -1.001
 -0.4125
  0.2097
  0.8198
   1.373
    1.83
   2.159
   2.339
   2.361
   2.227
   1.949
   1.548
    1.05
  0.4889
-0.09946
 -0.6759
  -1.201
  -1.639
  -1.957
  -2.133
  -2.155
  -2.025
  -1.757
  -1.374
 -0.9103
 -0.4015
  0.1141
  0.6006
   1.026
   1.365
   1.596
   1.708
   1.694
   1.556
   1.308
  0.9686
  0.5668
  0.1365
 -0.2857
 -0.6644
  -0.969
  -1.177
  -1.276
  -1.263
  -1.146
 -0.9378
   -0.66
  -0.336
 0.007732
  0.3442
  0.6464
   0.889
    1.05
   1.114
   1.071
  0.9245
  0.6845
  0.3726
 0.01726
 -0.3486
 -0.6918
 -0.9815
  -1.193
  -1.308
  -1.318
  -1.219
  -1.017
  -0.724
 -0.3581
 0.05658
  0.4905
  0.9106
   1.282
   1.572
   1.753
   1.804
   1.718
   1.497
   1.157
  0.7212
  0.2222
 -0.3048
 -0.8233
  -1.298
  -1.696
   -1.99
  -2.156
   -2.18
  -2.055
  -1.783
  -1.379
   -0.87
 -0.2896
  0.3199
  0.9135
   1.448
   1.884
   2.193
   2.355
    2.36
    2.21
   1.917
   1.499
  0.9822
  0.4003
  -0.209
 -0.8051
  -1.346
  -1.793
  -2.114
  -2.285
  -2.296
  -2.148
  -1.856
  -1.445
 -0.9478
  -0.402
  0.1543
  0.6842
   1.154
   1.534
   1.802
   1.939
   1.939
   1.802
   1.539
   1.172
  0.7313
  0.2534
 -0.2225
 -0.6589
  -1.023
   -1.29
  -1.446
  -1.483
  -1.407
  -1.228
  -0.963
 -0.6343
 -0.2675
  0.1087
  0.4643
  0.7702
       1
   1.134
   1.159
   1.075
  0.8899
  0.6233
  0.3015
 -0.0448
 -0.3842
 -0.6872
 -0.9289
   -1.09
  -1.158
  -1.126
 -0.9938
 -0.7692
 -0.4658
 -0.1049
   0.286
  0.6745
   1.027
   1.309
   1.494
   1.563
   1.506
   1.325
   1.033
  0.6518
  0.2085
 -0.2653
 -0.7369
  -1.173
  -1.543
  -1.818
  -1.976
  -1.998
  -1.877
  -1.616
  -1.229
 -0.7402
 -0.1854
  0.3949
  0.9573
   1.461
   1.868
   2.153
   2.295
   2.286
   2.126
   1.824
   1.399
  0.8759
  0.2875
 -0.3273
 -0.9262
  -1.466
  -1.908
  -2.217
  -2.373
  -2.365
  -2.195
   -1.88
  -1.445
 -0.9219
 -0.3479
  0.2385
  0.7996
     1.3
   1.707
   1.994
   2.143
   2.142
   1.992
   1.706
   1.306
  0.8248
   0.301
 -0.2242
 -0.7114
  -1.127
  -1.443
  -1.643
  -1.719
  -1.671
  -1.506
   -1.24
 -0.8928
 -0.4917
-0.06726
  0.3472
  0.7183
   1.016
   1.215
   1.303
   1.273
   1.135
  0.9034
  0.6037
  0.2642
-0.08503
 -0.4154
 -0.7009
 -0.9198
  -1.055
  -1.096
  -1.037
 -0.8806
  -0.637
 -0.3248
 0.02981
  0.3953
  0.7378
   1.025
   1.228
   1.328
   1.315
   1.188
  0.9584
  0.6417
  0.2615
 -0.1554
 -0.5796
 -0.9804
  -1.327
  -1.592
  -1.749
  -1.781
  -1.678
  -1.442
  -1.086
 -0.6351
 -0.1215
  0.4157
  0.9361
   1.401
   1.777
   2.038
   2.164
   2.148
   1.986
   1.688
   1.268
  0.7524
   0.173
 -0.4308
  -1.016
   -1.54
  -1.962
  -2.251
  -2.385
  -2.356
  -2.168
  -1.836
  -1.384
 -0.8455
 -0.2553
  0.3478
  0.9256
   1.441
   1.859
   2.151
   2.296
   2.284
   2.114
   1.799
   1.366
  0.8475
  0.2844
  -0.281
 -0.8084
  -1.263
  -1.616
  -1.848
  -1.948
  -1.913
  -1.749
  -1.469
  -1.093
 -0.6505
 -0.1739
  0.2993
  0.7322
   1.091
   1.348
   1.488
   1.503
   1.399
   1.191
  0.9005
  0.5547
  0.1825
 -0.1873
 -0.5269
 -0.8113
  -1.019
  -1.134
  -1.145
  -1.052
 -0.8605
 -0.5883
   -0.26
 0.09333
  0.4381
  0.7419
  0.9767
   1.122
   1.166
   1.105
  0.9459
  0.6995
  0.3842
  0.0227
 -0.3587
  -0.731
  -1.064
  -1.328
  -1.497
  -1.551
   -1.48
  -1.284
 -0.9749
  -0.575
  -0.115
  0.3697
  0.8419
   1.267
   1.613
   1.855
   1.974
    1.96
    1.81
   1.527
   1.128
  0.6346
 0.07984
 -0.4976
  -1.055
   -1.55
  -1.944
  -2.207
  -2.319
  -2.273
  -2.073
  -1.733
  -1.278
 -0.7367
 -0.1448
  0.4602
   1.039
   1.554
   1.969
   2.252
   2.384
   2.352
   2.158
   1.817
   1.355
  0.8074
  0.2159
 -0.3772
 -0.9313
  -1.411
  -1.786
  -2.036
  -2.146
  -2.112
  -1.937
  -1.633
  -1.223
 -0.7365
 -0.2096
  0.3172
  0.8035
   1.213
   1.516
   1.695
   1.742
    1.66
   1.462
   1.169
  0.8047
  0.3988
-0.01907
 -0.4187
  -0.771
   -1.05
  -1.234
  -1.309
  -1.269
  -1.119
 -0.8756
 -0.5619
 -0.2086
  0.1509
   0.484
  0.7624
  0.9641
   1.075
   1.087
   1.001
  0.8253
  0.5717
  0.2591
-0.08834
 -0.4426
 -0.7729
  -1.049
  -1.242
  -1.332
  -1.306
  -1.163
 -0.9129
 -0.5749
 -0.1763
  0.2514
   0.675
   1.063
   1.386
   1.619
   1.743
   1.744
   1.618
   1.366
   1.001
  0.5444
 0.02832
 -0.5098
  -1.029
  -1.487
  -1.849
  -2.087
  -2.181
  -2.126
  -1.925
  -1.591
  -1.146
 -0.6174
 -0.0387
  0.5532
   1.119
    1.62
   2.018
   2.284
   2.395
   2.342
   2.126
   1.764
   1.283
  0.7193
  0.1135
 -0.4924
  -1.058
  -1.548
  -1.932
  -2.185
  -2.294
   -2.25
  -2.055
  -1.724
  -1.278
 -0.7508
 -0.1805
  0.3896
  0.9168
   1.363
   1.699
   1.903
   1.968
   1.896
   1.696
   1.388
  0.9968
  0.5501
 0.07994
 -0.3804
 -0.7977
  -1.141
  -1.385
  -1.512
  -1.513
  -1.392
  -1.164
 -0.8526
 -0.4876
 -0.1023
  0.2706
  0.6019
  0.8674
   1.049
   1.136
   1.123
   1.012
  0.8113
  0.5372
  0.2118
 -0.1368
 -0.4771
  -0.777
  -1.007
  -1.144
  -1.175
  -1.095
 -0.9126
 -0.6425
  -0.308
  0.0638
  0.4437
  0.8026
   1.113
   1.349
   1.491
   1.522
   1.433
   1.225
  0.9072
  0.5006
 0.03431
 -0.4554
 -0.9293
  -1.349
  -1.681
  -1.898
  -1.985
  -1.932
  -1.744
  -1.431
  -1.011
 -0.5099
 0.04112
  0.6062
   1.146
   1.622
   1.997
   2.239
   2.329
   2.256
   2.026
   1.654
   1.168
  0.6032
-0.00102
  -0.604
  -1.167
  -1.653
  -2.032
  -2.278
  -2.375
  -2.315
  -2.098
  -1.739
  -1.262
 -0.7023
 -0.1003
   0.499
   1.052
    1.52
   1.872
   2.088
   2.159
   2.084
   1.874
   1.544
    1.12
  0.6299
  0.1085
 -0.4078
 -0.8818
  -1.279
  -1.569
  -1.733
  -1.761
  -1.656
  -1.431
   -1.11
 -0.7234
 -0.3034
  0.1166
   0.506
  0.8379
   1.091
   1.248
     1.3
   1.244
   1.084
  0.8356
  0.5189
  0.1629
 -0.1996
 -0.5349
 -0.8119
  -1.006
  -1.101
  -1.091
 -0.9794
 -0.7778
 -0.5046
 -0.1824
  0.1632
  0.5051
   0.816
    1.07
   1.242
   1.316
   1.277
   1.124
  0.8645
  0.5164
  0.1071
 -0.3298
 -0.7578
  -1.141
  -1.449
  -1.657
  -1.748
  -1.713
  -1.553
  -1.276
 -0.8956
 -0.4354
 0.07576
  0.6032
   1.109
   1.553
   1.899
   2.119
   2.191
   2.107
   1.874
   1.506
   1.031
  0.4819
 -0.1047
 -0.6899
  -1.236
  -1.706
  -2.071
  -2.302
  -2.382
  -2.303
  -2.065
  -1.685
  -1.186
 -0.6068
 0.01164
  0.6236
   1.186
   1.659
   2.014
    2.23
   2.296
   2.211
   1.983
   1.628
    1.17
  0.6396
 0.07334
 -0.4891
  -1.007
  -1.442
  -1.764
   -1.95
   -1.99
  -1.888
  -1.655
  -1.316
 -0.9003
 -0.4405
 0.02974
  0.4777
  0.8737
   1.192
   1.411
   1.516
   1.501
   1.368
   1.131
  0.8092
   0.434
   0.039
 -0.3404
 -0.6716
 -0.9281
  -1.091
  -1.152
   -1.11
 -0.9728
  -0.753
 -0.4697
 -0.1457
  0.1932
   0.519
  0.8034
    1.02
   1.146
   1.167
   1.078
  0.8831
  0.5983
  0.2483
 -0.1364
 -0.5226
 -0.8778
  -1.173
  -1.384
  -1.494
  -1.493
  -1.376
  -1.148
 -0.8195
 -0.4109
 0.05135
   0.534
  0.9996
    1.41
    1.73
   1.931
   1.994
   1.913
   1.691
   1.344
  0.8967
  0.3786
 -0.1758
 -0.7304
  -1.249
  -1.695
  -2.038
  -2.251
  -2.314
  -2.218
  -1.967
  -1.574
  -1.068
 -0.4853
  0.1323
  0.7398
   1.295
    1.76
   2.106
   2.312
   2.366
   2.266
   2.018
   1.639
   1.151
  0.5884
 -0.0116
 -0.6061
  -1.152
  -1.609
  -1.945
  -2.139
  -2.179
  -2.068
   -1.82
  -1.457
  -1.009
 -0.5084
  0.0103
  0.5124
  0.9648
   1.337
   1.605
   1.749
    1.76
   1.639
   1.398
   1.061
   0.657
  0.2224
 -0.2062
 -0.5948
 -0.9149
  -1.146
  -1.274
  -1.295
  -1.212
  -1.034
 -0.7759
 -0.4588
 -0.1086
  0.2453
  0.5721
   0.842
   1.029
   1.116
   1.095
  0.9666
  0.7452
  0.4519
  0.1137
 -0.2394
 -0.5777
 -0.8737
  -1.103
  -1.248
  -1.294
  -1.233
  -1.065
 -0.7977
 -0.4476
 -0.0393
  0.3956
  0.8212
     1.2
     1.5
   1.692
   1.759
   1.694
   1.501
   1.191
   0.787
  0.3141
 -0.1964
  -0.711
  -1.195
  -1.613
  -1.933
  -2.127
  -2.177
  -2.073
  -1.818
  -1.428
 -0.9306
 -0.3615
  0.2378
  0.8248
   1.359
   1.805
   2.133
   2.323
   2.362
   2.247
   1.982
   1.584
   1.076
  0.4924
 -0.1266
 -0.7364
  -1.293
  -1.755
  -2.091
  -2.278
  -2.308
  -2.183
  -1.915
  -1.527
  -1.048
 -0.5101
  0.0509
   0.598
   1.095
   1.508
   1.808
   1.974
   1.996
   1.873
   1.618
   1.256
  0.8179
  0.3405
 -0.1382
 -0.5829
 -0.9632
  -1.255
  -1.443
  -1.517
  -1.476
  -1.324
  -1.076
 -0.7519
 -0.3773
 0.01572
  0.3933
  0.7223
  0.9743
   1.129
   1.174
   1.111
  0.9482
  0.7044
   0.403
 0.07072
 -0.2647
 -0.5764
 -0.8395
  -1.032
  -1.137
  -1.141
   -1.04
 -0.8388
 -0.5499
  -0.196
   0.193
  0.5827
  0.9379
   1.226
   1.422
   1.508
   1.476
   1.327
    1.07
  0.7219
  0.3048
 -0.1541
 -0.6235
   -1.07
  -1.459
  -1.758
   -1.94
  -1.985
  -1.884
   -1.64
  -1.269
 -0.7972
 -0.2593
  0.3061
  0.8591
   1.362
    1.78
   2.087
    2.26
   2.285
   2.159
   1.884
   1.477
  0.9613
  0.3724
 -0.2484
 -0.8559
  -1.406
  -1.858
   -2.18
  -2.353
  -2.367
  -2.224
  -1.937
  -1.527
  -1.022
 -0.4553
  0.1373
  0.7163
   1.243
    1.68
   1.996
   2.169
   2.186
   2.051
   1.775
   1.383
  0.9095
  0.3907
 -0.1346
 -0.6297
  -1.062
  -1.406
  -1.641
  -1.754
  -1.739
    -1.6
  -1.347
  -1.003
 -0.5935
 -0.1544
  0.2779
  0.6675
  0.9833
   1.202
    1.31
   1.304
   1.192
  0.9868
  0.7094
  0.3839
 0.03662
 -0.3051
 -0.6143
 -0.8654
  -1.036
  -1.111
   -1.08
 -0.9443
 -0.7145
 -0.4111
-0.06207
     0.3
  0.6418
  0.9326
   1.147
   1.267
   1.283
   1.192
  0.9988
  0.7157
  0.3603
-0.04369
 -0.4675
 -0.8786
  -1.243
  -1.528
  -1.706
  -1.757
  -1.673
  -1.456
  -1.121
 -0.6915
 -0.1998
  0.3191
  0.8289
   1.294
   1.683
   1.968
   2.127
   2.144
   2.014
   1.741
   1.337
  0.8294
  0.2521
 -0.3531
 -0.9415
   -1.47
  -1.899
  -2.201
  -2.354
   -2.35
  -2.192
  -1.891
  -1.466
 -0.9452
 -0.3604
  0.2499
  0.8453
   1.384
   1.828
   2.145
   2.311
   2.315
   2.159
   1.858
   1.438
   0.932
  0.3776
 -0.1863
 -0.7221
  -1.196
  -1.578
  -1.845
  -1.981
  -1.978
  -1.836
  -1.567
  -1.193
 -0.7438
 -0.2562
    0.23
  0.6767
   1.051
   1.326
   1.488
    1.53
   1.456
   1.276
   1.009
  0.6756
  0.3029
-0.08063
  -0.445
 -0.7607
  -1.001
  -1.146
  -1.182
  -1.108
 -0.9309
 -0.6702
 -0.3518
-0.006054
  0.3351
  0.6421
  0.8896
   1.058
   1.134
   1.112
  0.9899
  0.7759
  0.4832
  0.1324
 -0.2497
 -0.6314
 -0.9789
   -1.26
  -1.446
  -1.517
  -1.465
  -1.291
  -1.006
 -0.6335
 -0.1992
  0.2653
  0.7272
   1.154
   1.515
   1.783
   1.935
   1.954
   1.832
   1.572
   1.188
   0.704
  0.1552
 -0.4183
 -0.9735
  -1.469
  -1.869
  -2.145
  -2.279
  -2.262
  -2.095
  -1.788
  -1.359
 -0.8342
 -0.2463
  0.3663
  0.9614
   1.497
   1.932
   2.236
   2.384
   2.368
   2.191
   1.868
   1.424
  0.8934
  0.3131
  -0.278
 -0.8417
  -1.342
  -1.748
  -2.032
  -2.177
   -2.17
  -2.014
  -1.721
  -1.312
 -0.8221
 -0.2889
  0.2456
  0.7416
   1.164
   1.486
    1.69
   1.767
   1.717
   1.549
   1.277
  0.9237
  0.5149
 0.08172
 -0.3423
 -0.7236
  -1.031
  -1.241
  -1.338
  -1.316
  -1.183
  -0.954
 -0.6543
 -0.3123
 0.04181
  0.3787
  0.6721
     0.9
   1.045
   1.096
   1.048
  0.9019
   0.668
  0.3642
 0.01611
 -0.3454
 -0.6866
 -0.9748
  -1.182
  -1.288
  -1.283
  -1.165
 -0.9441
 -0.6372
 -0.2667
  0.1404
  0.5553
  0.9476
   1.288
   1.547
   1.701
   1.733
   1.633
   1.401
   1.052
  0.6078
  0.1024
 -0.4264
 -0.9381
  -1.394
  -1.762
  -2.015
  -2.134
  -2.112
  -1.946
  -1.645
  -1.225
 -0.7111
 -0.1355
   0.463
   1.042
   1.559
   1.973
   2.255
   2.381
   2.345
   2.149
   1.809
   1.352
  0.8078
  0.2145
 -0.3899
 -0.9668
  -1.479
  -1.893
   -2.18
  -2.319
  -2.299
  -2.121
  -1.799
  -1.357
 -0.8304
 -0.2592
  0.3136
  0.8472
   1.306
   1.661
   1.893
   1.991
   1.951
   1.782
   1.494
   1.111
  0.6593
  0.1737
 -0.3091
 -0.7515
  -1.119
  -1.385
  -1.531
  -1.551
  -1.449
   -1.24
 -0.9462
 -0.5951
 -0.2156
  0.1625
  0.5114
  0.8056
   1.024
   1.148
    1.17
   1.085
  0.9022
  0.6359
   0.311
-0.04162
 -0.3885
  -0.697
 -0.9386
  -1.092
  -1.146
  -1.095
 -0.9459
 -0.7095
  -0.404
-0.05155
  0.3218
  0.6876
   1.016
   1.278
   1.448
   1.505
    1.44
   1.251
  0.9507
    0.56
  0.1095
 -0.3658
 -0.8291
  -1.245
  -1.584
  -1.819
  -1.934
  -1.916
  -1.764
  -1.483
  -1.087
 -0.5987
-0.05073
  0.5189
   1.068
   1.555
   1.941
   2.196
   2.301
   2.248
   2.041
   1.697
   1.238
  0.6947
   0.103
 -0.4997
  -1.075
  -1.584
  -1.991
  -2.268
  -2.392
  -2.352
   -2.15
  -1.802
  -1.332
 -0.7783
 -0.1809
  0.4169
  0.9739
   1.454
   1.828
   2.074
   2.179
   2.139
   1.956
   1.645
   1.226
  0.7306
  0.1951
 -0.3401
 -0.8344
  -1.251
   -1.56
  -1.742
   -1.79
  -1.707
  -1.505
  -1.205
 -0.8335
 -0.4188
 0.008449
  0.4178
  0.7799
   1.068
   1.261
   1.345
   1.312
   1.167
  0.9265
  0.6128
  0.2568
 -0.1079
 -0.4484
 -0.7359
 -0.9476
  -1.068
  -1.091
  -1.016
 -0.8493
 -0.6042
 -0.2991
 0.04244
  0.3928
  0.7218
  0.9988
   1.196
   1.293
   1.275
   1.142
  0.9019
  0.5742
  0.1855
  -0.233
 -0.6483
  -1.029
  -1.345
  -1.574
  -1.696
  -1.697
  -1.572
  -1.325
 -0.9664
 -0.5184
-0.01132
  0.5174
   1.027
   1.477
   1.831
   2.062
    2.15
    2.09
   1.885
   1.549
   1.103
  0.5761
 0.001204
 -0.5851
  -1.144
  -1.637
  -2.027
  -2.285
  -2.388
  -2.327
  -2.104
  -1.736
   -1.25
  -0.682
-0.07308
  0.5342
   1.099
   1.587
   1.966
   2.213
   2.314
   2.262
    2.06
    1.72
   1.267
  0.7313
  0.1539
 -0.4227
 -0.9554
  -1.406
  -1.744
  -1.948
  -2.011
  -1.934
  -1.728
  -1.412
  -1.011
 -0.5554
 -0.0758
  0.3937
  0.8198
   1.171
   1.423
   1.555
    1.56
   1.442
   1.213
  0.8983
  0.5275
  0.1344
 -0.2479
 -0.5895
 -0.8656
  -1.058
  -1.154
   -1.15
  -1.047
 -0.8534
 -0.5845
 -0.2622
 0.08571
   0.428
  0.7325
  0.9697
   1.116
   1.157
   1.088
  0.9164
  0.6565
  0.3313
-0.03232
 -0.4054
 -0.7589
  -1.065
    -1.3
  -1.443
  -1.476
  -1.393
  -1.193
 -0.8842
 -0.4877
-0.03178
   0.448
  0.9128
   1.325
    1.65
   1.862
   1.944
   1.889
     1.7
   1.387
  0.9706
  0.4746
-0.06963
 -0.6266
  -1.158
  -1.624
   -1.99
  -2.225
  -2.307
  -2.229
  -1.993
  -1.617
  -1.128
 -0.5622
 0.04187
  0.6429
   1.202
   1.682
   2.054
   2.292
   2.381
   2.312
   2.087
   1.721
   1.238
  0.6719
 0.06498
 -0.5382
  -1.094
  -1.562
  -1.914
  -2.127
  -2.192
   -2.11
  -1.891
  -1.553
  -1.119
 -0.6203
-0.09054
  0.4335
  0.9143
   1.317
   1.612
   1.779
   1.808
   1.702
   1.473
   1.146
  0.7511
  0.3216
 -0.1087
 -0.5086
 -0.8507
  -1.113
  -1.278
  -1.338
  -1.287
  -1.132
 -0.8854
 -0.5688
 -0.2102
  0.1574
  0.5002
  0.7867
  0.9915
   1.098
   1.099
  0.9977
  0.8053
  0.5399
   0.224
  -0.117
 -0.4561
 -0.7662
  -1.021
  -1.198
  -1.277
  -1.247
  -1.104
 -0.8555
 -0.5185
 -0.1197
  0.3077
  0.7276
   1.105
   1.408
   1.612
   1.702
   1.667
    1.51
   1.236
  0.8625
  0.4103
-0.09161
 -0.6091
  -1.105
  -1.539
  -1.878
   -2.09
  -2.157
   -2.07
  -1.834
  -1.465
   -0.99
 -0.4423
  0.1409
  0.7208
    1.26
   1.722
   2.078
     2.3
   2.372
   2.285
   2.041
   1.655
   1.152
  0.5693
-0.05124
 -0.6641
  -1.225
  -1.697
  -2.048
  -2.257
  -2.316
  -2.222
  -1.985
  -1.621
  -1.155
 -0.6168
-0.04402
  0.5238
   1.046
   1.485
   1.808
   1.994
   2.032
   1.925
   1.686
   1.339
  0.9133
  0.4433
-0.03707
 -0.4947
 -0.8993
  -1.225
   -1.45
   -1.56
  -1.548
  -1.417
  -1.178
 -0.8535
 -0.4728
-0.07005
  0.3189
   0.661
  0.9288
   1.103
   1.175
   1.141
   1.011
  0.7968
  0.5173
  0.1952
 -0.1437
 -0.4718
 -0.7607
  -0.984
  -1.119
  -1.151
  -1.073
 -0.8894
 -0.6155
 -0.2752
  0.1016
  0.4817
  0.8327
   1.125
   1.336
   1.448
   1.449
   1.338
   1.117
  0.7978
  0.3993
-0.05226
 -0.5243
 -0.9802
  -1.382
  -1.696
  -1.892
  -1.952
  -1.869
  -1.648
  -1.303
 -0.8584
 -0.3452
  0.2028
  0.7495
   1.259
   1.696
    2.03
   2.234
   2.289
   2.188
   1.932
   1.536
   1.029
  0.4453
 -0.1714
 -0.7767
  -1.328
  -1.788
  -2.127
  -2.325
   -2.37
  -2.261
  -2.005
  -1.618
  -1.124
 -0.5555
 0.04849
  0.6456
   1.193
    1.65
   1.985
   2.175
    2.21
   2.093
   1.836
   1.464
   1.007
  0.4961
-0.03151
 -0.5414
      -1
  -1.377
  -1.648
  -1.794
  -1.805
  -1.683
  -1.438
  -1.095
 -0.6834
 -0.2393
     0.2
  0.5996
  0.9305
   1.171
   1.308
   1.336
   1.257
   1.082
  0.8248
  0.5068
  0.1536
 -0.2054
 -0.5394
 -0.8183
  -1.016
  -1.115
  -1.105
 -0.9877
 -0.7759
 -0.4904
 -0.1579
  0.1917
  0.5286
  0.8251
   1.057
   1.206
   1.258
   1.205
   1.047
  0.7902
  0.4513
 0.05392
  -0.371
 -0.7881
  -1.161
  -1.456
  -1.646
  -1.713
   -1.65
  -1.459
  -1.155
 -0.7564
 -0.2912
  0.2106
  0.7156
   1.189
   1.598
   1.909
   2.096
   2.141
   2.033
   1.776
   1.386
  0.8904
   0.324
 -0.2715
 -0.8534
  -1.381
  -1.819
  -2.139
   -2.32
   -2.35
  -2.227
  -1.955
  -1.551
  -1.039
 -0.4534
  0.1665
   0.776
   1.331
    1.79
   2.122
   2.304
   2.326
   2.192
   1.916
   1.519
    1.03
  0.4845
 -0.0831
 -0.6353
  -1.136
   -1.55
  -1.851
  -2.016
  -2.035
  -1.908
  -1.647
  -1.277
 -0.8296
  -0.342
  0.1474
  0.6022
  0.9917
   1.291
   1.485
   1.562
   1.523
   1.372
   1.122
  0.7935
  0.4134
 0.01294
 -0.3737
 -0.7133
 -0.9767
  -1.142
  -1.199
  -1.145
 -0.9894
 -0.7507
 -0.4522
 -0.1205
  0.2164
  0.5315
  0.7997
  0.9992
   1.112
   1.126
   1.037
  0.8467
  0.5689
   0.225
 -0.1556
 -0.5392
 -0.8906
  -1.178
  -1.375
  -1.463
  -1.436
  -1.292
  -1.043
 -0.7028
 -0.2952
  0.1534
  0.6126
   1.049
    1.43
   1.722
   1.899
   1.941
   1.839
   1.596
   1.229
  0.7613
  0.2288
 -0.3302
 -0.8758
   -1.37
   -1.78
  -2.077
  -2.241
  -2.259
  -2.126
  -1.847
  -1.437
 -0.9204
 -0.3323
  0.2864
  0.8907
   1.436
   1.883
   2.199
   2.364
    2.37
   2.218
   1.923
   1.505
  0.9926
  0.4199
 -0.1764
 -0.7573
  -1.284
   -1.72
  -2.033
  -2.202
  -2.215
  -2.073
  -1.789
  -1.389
 -0.9056
 -0.3769
  0.1576
   0.661
     1.1
   1.449
   1.686
   1.799
   1.783
   1.641
   1.385
   1.034
  0.6172
  0.1691
 -0.2734
 -0.6738
      -1
  -1.229
  -1.346
  -1.347
  -1.239
  -1.036
 -0.7586
 -0.4308
 -0.0793
  0.2683
  0.5848
  0.8448
   1.026
   1.111
   1.092
  0.9669
   0.747
  0.4518
  0.1085
 -0.2503
 -0.5915
 -0.8839
  -1.102
  -1.228
   -1.25
  -1.168
 -0.9838
 -0.7107
 -0.3658
 0.02767
  0.4416
  0.8441
   1.202
   1.482
   1.659
    1.71
   1.629
   1.416
   1.087
  0.6642
  0.1802
 -0.3304
 -0.8312
  -1.287
  -1.667
  -1.943
  -2.095
  -2.106
  -1.973
  -1.697
  -1.295
 -0.7892
 -0.2158
  0.3845
  0.9671
   1.489
   1.911
   2.205
   2.349
   2.338
   2.172
   1.863
   1.432
  0.9068
  0.3197
 -0.2911
 -0.8851
  -1.421
  -1.861
  -2.173
  -2.333
   -2.33
  -2.167
  -1.857
  -1.428
 -0.9135
 -0.3507
  0.2202
  0.7614
   1.238
   1.622
   1.889
   2.022
   2.015
   1.868
   1.593
   1.211
  0.7529
  0.2558
 -0.2405
 -0.6973
  -1.081
  -1.364
  -1.532
  -1.578
  -1.504
  -1.324
  -1.053
  -0.715
 -0.3358
 0.05553
  0.4288
  0.7545
   1.006
   1.161
   1.208
   1.143
  0.9738
  0.7184
  0.4027
 0.05696
 -0.2868
 -0.5984
 -0.8524
  -1.029
  -1.114
  -1.101
 -0.9892
 -0.7858
 -0.5036
 -0.1625
  0.2112
  0.5866
  0.9302
    1.21
   1.397
   1.472
   1.426
   1.258
  0.9823
  0.6182
  0.1931
 -0.2619
 -0.7144
  -1.132
  -1.485
  -1.746
  -1.892
  -1.908
  -1.786
  -1.528
  -1.148
 -0.6694
 -0.1271
  0.4392
  0.9866
   1.474
   1.866
   2.134
   2.259
   2.235
   2.062
    1.75
   1.318
   0.792
  0.2053
 -0.4043
  -0.995
  -1.525
  -1.954
  -2.251
  -2.392
  -2.369
  -2.183
  -1.852
    -1.4
 -0.8627
 -0.2766
  0.3185
  0.8842
   1.385
   1.788
   2.069
   2.208
   2.196
   2.033
   1.732
   1.315
  0.8163
  0.2739
 -0.2696
 -0.7738
  -1.203
   -1.53
  -1.736
  -1.813
  -1.762
  -1.589
  -1.312
 -0.9518
 -0.5349
-0.09285
  0.3408
  0.7321
    1.05
    1.27
   1.375
    1.36
   1.231
   1.005
  0.7044
  0.3592
-0.0002735
 -0.3442
 -0.6461
 -0.8833
  -1.039
    -1.1
  -1.062
  -0.926
 -0.7014
 -0.4056
-0.06341
  0.2946
  0.6352
  0.9255
   1.137
    1.25
   1.253
   1.144
   0.933
  0.6359
  0.2753
 -0.1223
 -0.5281
 -0.9125
  -1.246
  -1.501
  -1.653
  -1.685
  -1.588
  -1.362
  -1.019
  -0.583
-0.08607
  0.4339
  0.9369
   1.385
   1.744
   1.989
   2.102
   2.073
   1.904
   1.601
   1.182
  0.6704
  0.0993
 -0.4933
  -1.065
  -1.574
  -1.982
  -2.255
  -2.374
   -2.33
  -2.127
  -1.781
  -1.317
  -0.769
 -0.1731
   0.432
   1.007
   1.516
   1.925
   2.206
   2.338
   2.311
   2.125
   1.795
   1.346
  0.8107
  0.2318
  -0.348
  -0.887
  -1.349
  -1.706
  -1.937
  -2.032
  -1.988
  -1.811
  -1.517
  -1.125
 -0.6648
 -0.1701
   0.322
  0.7735
    1.15
   1.424
   1.576
   1.599
   1.498
   1.288
  0.9906
  0.6334
  0.2463
 -0.1407
 -0.4991
 -0.8033
  -1.031
  -1.166
  -1.197
  -1.121
 -0.9454
 -0.6844
 -0.3624
-0.009849
  0.3398
  0.6536
  0.9026
   1.065
   1.129
   1.088
  0.9492
  0.7228
  0.4268
 0.08303
 -0.2828
 -0.6427
 -0.9673
  -1.228
  -1.399
   -1.46
  -1.401
   -1.22
  -0.929
 -0.5481
 -0.1073
  0.3587
  0.8131
   1.221
   1.552
   1.782
   1.891
   1.871
   1.718
   1.439
   1.046
  0.5644
 0.02379
 -0.5376
  -1.078
  -1.556
  -1.934
  -2.182
  -2.279
   -2.22
  -2.008
  -1.659
  -1.197
 -0.6525
-0.06175
   0.538
   1.108
   1.611
   2.011
    2.28
   2.396
   2.349
    2.14
   1.784
   1.308
  0.7473
  0.1445
 -0.4573
  -1.017
  -1.497
  -1.869
  -2.111
   -2.21
  -2.163
  -1.972
  -1.652
  -1.225
 -0.7215
 -0.1777
  0.3655
  0.8671
    1.29
   1.604
   1.789
   1.837
   1.752
   1.545
   1.239
  0.8596
  0.4358
-0.001122
 -0.4202
 -0.7919
   -1.09
  -1.291
  -1.382
  -1.356
  -1.216
 -0.9773
 -0.6631
 -0.3038
 0.06672
  0.4152
  0.7121
  0.9342
   1.066
   1.099
   1.033
   0.876
  0.6391
   0.341
 0.004656
 -0.3426
 -0.6708
 -0.9498
  -1.152
  -1.255
  -1.247
  -1.123
 -0.8941
 -0.5768
  -0.198
  0.2114
  0.6187
  0.9923
   1.304
   1.528
   1.648
    1.65
   1.528
   1.286
  0.9341
  0.4947
-0.002852
 -0.5219
  -1.022
  -1.464
   -1.81
  -2.034
  -2.117
  -2.052
  -1.843
  -1.506
   -1.06
 -0.5358
 0.03481
   0.615
   1.166
   1.651
   2.033
   2.282
   2.378
   2.309
    2.08
   1.706
   1.215
  0.6436
 0.03234
 -0.5757
   -1.14
  -1.624
  -1.997
  -2.238
  -2.332
  -2.271
  -2.061
  -1.713
  -1.252
 -0.7091
  -0.125
  0.4574
   0.995
   1.449
   1.788
   1.992
   2.052
    1.97
   1.757
   1.432
   1.023
  0.5573
 0.06835
 -0.4101
 -0.8445
  -1.204
  -1.461
  -1.599
  -1.608
  -1.491
  -1.261
 -0.9423
 -0.5654
 -0.1639
  0.2282
  0.5803
   0.867
    1.07
   1.176
    1.18
   1.085
  0.8972
  0.6326
  0.3128
-0.03515
   -0.38
 -0.6897
 -0.9345
   -1.09
  -1.142
  -1.085
 -0.9235
 -0.6738
 -0.3576
-0.001768
   0.365
  0.7138
   1.017
   1.251
   1.395
   1.432
   1.355
   1.163
  0.8638
  0.4777
 0.03244
 -0.4373
 -0.8931
  -1.297
  -1.616
  -1.823
  -1.901
  -1.845
  -1.655
  -1.345
 -0.9314
  -0.441
 0.09585
  0.6441
   1.166
   1.623
    1.98
   2.207
   2.283
   2.199
   1.958
   1.579
   1.088
  0.5212
-0.08196
 -0.6803
  -1.234
  -1.709
  -2.073
  -2.303
  -2.383
  -2.305
  -2.073
    -1.7
  -1.211
 -0.6395
-0.02836
   0.578
   1.135
   1.604
   1.954
   2.163
   2.223
   2.133
   1.906
   1.558
   1.115
  0.6076
  0.0697
 -0.4615
 -0.9487
  -1.357
  -1.656
  -1.825
  -1.854
  -1.746
  -1.513
   -1.18
 -0.7761
 -0.3368
  0.1041
  0.5145
  0.8666
   1.138
   1.311
   1.377
   1.332
    1.18
   0.935
  0.6176
   0.256
 -0.1173
  -0.468
 -0.7642
 -0.9801
  -1.098
   -1.11
  -1.019
 -0.8357
 -0.5775
 -0.2673
 0.06965
  0.4067
  0.7168
  0.9741
   1.155
   1.241
    1.22
   1.087
  0.8496
  0.5238
  0.1355
 -0.2826
 -0.6948
  -1.066
  -1.365
  -1.567
  -1.655
  -1.622
  -1.467
  -1.199
 -0.8316
 -0.3878
  0.1046
  0.6119
   1.097
   1.523
   1.853
   2.059
   2.121
   2.031
   1.792
   1.423
   0.949
  0.4037
 -0.1754
 -0.7496
  -1.281
  -1.736
  -2.082
  -2.295
  -2.359
  -2.264
  -2.014
  -1.622
  -1.116
 -0.5308
 0.09111
  0.7041
   1.264
   1.732
   2.078
   2.282
   2.332
    2.23
   1.984
   1.611
   1.136
  0.5914
 0.01254
 -0.5601
  -1.086
  -1.527
  -1.851
  -2.036
  -2.072
   -1.96
  -1.714
  -1.358
 -0.9232
 -0.4429
 0.04754
  0.5145
  0.9274
    1.26
    1.49
   1.604
   1.595
   1.464
   1.224
  0.8958
  0.5092
 0.09833
 -0.3005
 -0.6535
 -0.9327
  -1.118
  -1.199
  -1.175
  -1.051
 -0.8421
 -0.5657
 -0.2448
 0.09496
  0.4259
    0.72
  0.9506
   1.095
   1.137
   1.071
  0.8989
  0.6358
  0.3048
 -0.0643
 -0.4388
 -0.7862
  -1.077
  -1.288
  -1.402
  -1.408
  -1.302
  -1.089
 -0.7789
 -0.3908
    0.05
  0.5115
  0.9578
   1.352
   1.659
   1.851
   1.909
   1.825
   1.604
   1.262
  0.8217
  0.3138
 -0.2272
 -0.7658
  -1.266
  -1.694
  -2.018
  -2.214
  -2.262
  -2.155
  -1.895
  -1.497
 -0.9886
 -0.4055
  0.2096
  0.8119
   1.359
   1.813
   2.145
   2.335
   2.371
   2.253
   1.988
   1.594
   1.094
  0.5207
-0.08655
 -0.6856
  -1.233
   -1.69
  -2.023
  -2.209
  -2.239
  -2.115
   -1.85
  -1.468
  -1.001
 -0.4808
 0.05541
  0.5726
   1.037
   1.419
   1.692
   1.839
   1.849
   1.725
   1.476
   1.127
  0.7069
  0.2531
 -0.1969
 -0.6075
 -0.9491
  -1.199
  -1.344
  -1.378
  -1.304
   -1.13
 -0.8734
 -0.5537
 -0.1969
  0.1678
  0.5094
  0.7977
   1.007
   1.117
   1.118
   1.012
  0.8093
  0.5311
  0.2037
  -0.143
 -0.4792
 -0.7769
  -1.012
  -1.166
  -1.225
   -1.18
  -1.031
 -0.7858
 -0.4581
-0.07166
  0.3435
  0.7525
   1.119
   1.411
   1.599
   1.667
   1.606
   1.419
    1.12
  0.7283
  0.2709
 -0.2218
  -0.717
  -1.181
   -1.58
  -1.882
  -2.063
  -2.102
  -1.991
  -1.734
  -1.345
 -0.8508
 -0.2877
  0.3033
  0.8795
     1.4
   1.831
   2.142
   2.314
   2.336
   2.204
   1.926
   1.516
   1.001
  0.4136
 -0.2064
 -0.8149
  -1.367
  -1.823
   -2.15
  -2.326
  -2.341
  -2.199
  -1.913
  -1.507
   -1.01
 -0.4565
  0.1173
  0.6739
   1.177
   1.593
   1.893
   2.057
   2.072
    1.94
   1.673
   1.295
   0.838
  0.3402
 -0.1595
 -0.6243
  -1.023
  -1.329
  -1.528
  -1.609
   -1.57
  -1.418
  -1.166
 -0.8331
 -0.4469
-0.03867
  0.3574
  0.7075
  0.9821
   1.159
   1.226
   1.181
   1.032
  0.7984
  0.5019
  0.1702
 -0.1689
  -0.488
 -0.7621
 -0.9689
  -1.091
  -1.115
  -1.036
 -0.8577
 -0.5908
 -0.2567
   0.116
  0.4938
  0.8421
   1.129
   1.327
   1.419
   1.397
    1.26
   1.018
  0.6868
  0.2889
 -0.1496
 -0.5985
  -1.025
  -1.397
  -1.683
  -1.856
  -1.896
  -1.794
  -1.553
  -1.189
 -0.7269
 -0.2005
  0.3515
  0.8894
   1.375
   1.776
   2.064
    2.22
    2.23
   2.091
   1.808
   1.396
  0.8791
  0.2925
 -0.3234
 -0.9237
  -1.464
  -1.905
  -2.214
  -2.372
  -2.369
  -2.209
  -1.905
  -1.479
 -0.9606
 -0.3829
  0.2165
  0.7987
   1.325
   1.759
   2.069
   2.234
   2.241
   2.092
   1.801
   1.392
  0.8985
  0.3603
 -0.1832
 -0.6943
   -1.14
  -1.492
  -1.731
  -1.845
  -1.827
  -1.681
  -1.419
  -1.062
 -0.6377
 -0.1805
  0.2721
  0.6832
    1.02
   1.259
   1.384
   1.392
   1.288
   1.086
  0.8074
  0.4765
  0.1202
 -0.2339
 -0.5583
 -0.8274
  -1.019
  -1.115
  -1.106
 -0.9924
  -0.782
 -0.4943
 -0.1564
  0.1998
   0.541
  0.8359
   1.059
    1.19
   1.221
   1.146
  0.9719
   0.709
  0.3745
-0.008649
  -0.413
 -0.8073
  -1.159
  -1.435
   -1.61
  -1.663
  -1.585
  -1.377
  -1.054
 -0.6394
 -0.1635
  0.3384
  0.8302
   1.277
   1.648
   1.916
    2.06
   2.067
    1.93
   1.654
   1.252
  0.7497
  0.1808
 -0.4139
 -0.9901
  -1.505
   -1.92
  -2.205
  -2.342
  -2.322
  -2.148
  -1.832
  -1.396
 -0.8671
 -0.2784
  0.3322
  0.9242
   1.457
   1.892
   2.198
   2.352
   2.342
   2.171
   1.853
   1.416
  0.8923
  0.3217
 -0.2559
 -0.8019
  -1.282
  -1.666
  -1.931
  -2.062
   -2.05
  -1.897
  -1.615
  -1.226
 -0.7588
 -0.2522
