   7.042
   5.064
   2.589
 -0.1139
   -2.76
  -5.082
  -6.852
  -7.908
  -8.162
  -7.604
  -6.304
  -4.398
  -2.074
  0.4414
   2.911
   5.099
   6.798
    7.84
   8.119
   7.595
   6.305
   4.362
   1.945
 -0.7093
  -3.336
   -5.66
   -7.43
  -8.445
   -8.58
  -7.803
  -6.181
  -3.876
  -1.134
   1.749
   4.456
   6.687
   8.195
   8.813
   8.476
   7.227
   5.213
    2.66
 -0.1462
  -2.901
   -5.31
  -7.127
  -8.175
  -8.362
  -7.691
  -6.251
  -4.204
  -1.769
  0.8078
   3.272
   5.388
   6.959
   7.842
   7.958
   7.299
   5.927
    3.97
   1.609
 -0.9319
   -3.41
   -5.58
   -7.22
  -8.154
  -8.269
  -7.535
  -6.006
  -3.824
  -1.206
   1.579
   4.233
   6.467
    8.03
   8.743
   8.518
   7.373
   5.429
   2.897
 0.05557
  -2.782
  -5.305
  -7.243
  -8.391
  -8.637
  -7.968
  -6.471
   -4.32
  -1.751
  0.9596
   3.532
   5.709
   7.279
   8.099
   8.102
   7.301
   5.785
   3.709
   1.277
  -1.277
  -3.708
  -5.781
  -7.294
  -8.096
  -8.099
   -7.29
  -5.735
  -3.576
  -1.019
   1.682
    4.25
   6.413
   7.934
   8.637
   8.433
   7.327
   5.426
   2.927
 0.09644
  -2.757
  -5.321
  -7.312
  -8.512
  -8.791
  -8.126
  -6.594
  -4.373
  -1.711
     1.1
   3.758
   5.985
   7.557
   8.324
   8.227
   7.294
   5.637
   3.439
  0.9273
  -1.647
  -4.031
      -6
  -7.369
  -8.011
  -7.868
  -6.953
  -5.352
  -3.214
 -0.7388
   1.836
   4.259
   6.286
   7.704
   8.357
   8.159
   7.111
   5.304
   2.912
  0.1775
  -2.612
  -5.155
  -7.173
  -8.437
  -8.801
  -8.217
  -6.746
  -4.545
  -1.856
   1.023
   3.776
   6.106
   7.762
   8.576
   8.474
   7.481
   5.721
   3.393
  0.7515
  -1.924
  -4.362
   -6.32
  -7.615
  -8.132
  -7.836
  -6.769
  -5.045
  -2.838
 -0.3616
   2.147
   4.447
   6.319
   7.581
   8.102
   7.823
   6.757
   4.997
   2.704
 0.09873
  -2.558
  -4.991
  -6.943
  -8.195
  -8.601
    -8.1
   -6.73
  -4.627
   -2.01
  0.8414
   3.616
    6.01
   7.759
   8.672
   8.651
   7.703
   5.939
   3.558
  0.8243
  -1.966
  -4.515
  -6.558
  -7.893
  -8.396
  -8.032
  -6.857
  -5.006
  -2.677
 -0.1076
   2.446
   4.735
   6.542
   7.698
   8.095
   7.696
   6.537
   4.725
   2.432
 -0.1264
  -2.701
  -5.038
  -6.896
  -8.077
  -8.444
  -7.942
  -6.603
   -4.55
  -1.986
  0.8234
    3.58
   5.982
   7.764
   8.723
   8.746
   7.825
   6.057
   3.638
  0.8328
  -2.048
  -4.688
  -6.804
  -8.174
  -8.661
  -8.229
  -6.941
  -4.952
  -2.484
  0.1981
   2.814
   5.103
   6.842
   7.872
   8.108
   7.541
   6.238
   4.334
   2.017
 -0.4925
  -2.955
  -5.135
  -6.824
  -7.853
  -8.113
  -7.566
  -6.251
  -4.282
  -1.843
  0.8267
   3.457
   5.771
   7.517
   8.495
   8.585
   7.759
   6.091
   3.752
  0.9896
  -1.896
  -4.587
  -6.786
  -8.251
  -8.822
   -8.44
  -7.156
  -5.118
  -2.558
  0.2416
   2.977
   5.359
   7.146
   8.166
   8.331
   7.646
     6.2
   4.155
   1.727
 -0.8406
  -3.295
  -5.404
  -6.969
  -7.846
  -7.956
  -7.288
  -5.904
   -3.93
   -1.55
   1.011
   3.503
   5.679
   7.312
   8.223
   8.302
    7.52
   5.937
   3.704
   1.044
  -1.764
  -4.419
  -6.629
  -8.145
  -8.793
  -8.495
  -7.279
  -5.277
  -2.709
  0.1406
   2.958
   5.438
   7.314
   8.394
   8.576
   7.857
   6.332
   4.178
    1.63
  -1.041
  -3.564
   -5.69
  -7.219
  -8.011
  -8.005
  -7.213
  -5.721
  -3.675
  -1.273
   1.256
   3.674
   5.746
   7.269
   8.086
   8.104
   7.304
   5.746
   3.572
  0.9886
  -1.744
  -4.342
  -6.526
  -8.051
  -8.738
  -8.496
  -7.335
  -5.369
  -2.806
 0.07541
   2.958
   5.522
   7.484
   8.629
   8.837
   8.092
   6.489
   4.214
   1.524
  -1.284
  -3.911
  -6.086
  -7.594
  -8.298
  -8.148
   -7.18
  -5.513
  -3.326
 -0.8428
   1.692
   4.037
   5.971
   7.317
    7.95
    7.81
   6.906
   5.319
   3.191
  0.7207
  -1.857
  -4.289
  -6.326
  -7.751
  -8.399
  -8.184
  -7.105
  -5.256
  -2.818
-0.04298
   2.774
   5.323
   7.321
   8.541
    8.84
   8.182
   6.637
   4.378
   1.655
  -1.227
  -3.954
   -6.23
  -7.817
  -8.557
   -8.39
  -7.353
  -5.574
  -3.256
 -0.6488
   1.979
   4.363
   6.277
   7.543
   8.052
   7.768
   6.728
   5.039
   2.863
  0.4062
  -2.099
  -4.414
  -6.315
  -7.609
   -8.16
  -7.896
  -6.825
  -5.036
  -2.694
 -0.0303
   2.683
   5.159
   7.127
   8.361
   8.714
   8.133
   6.668
   4.471
   1.778
  -1.116
  -3.891
   -6.24
  -7.908
  -8.716
  -8.583
  -7.538
  -5.707
  -3.299
 -0.5819
   2.152
   4.617
   6.568
   7.817
   8.257
   7.863
   6.695
   4.882
   2.612
  0.1086
  -2.387
  -4.639
  -6.435
  -7.607
   -8.04
  -7.688
  -6.573
  -4.793
  -2.507
 0.06759
   2.679
   5.063
   6.967
    8.18
   8.555
   8.031
   6.643
   4.522
   1.884
 -0.9901
  -3.787
  -6.195
  -7.945
  -8.838
   -8.77
  -7.751
  -5.895
  -3.411
 -0.5797
   2.287
   4.876
   6.914
   8.194
   8.596
   8.098
   6.775
   4.784
   2.343
 -0.2892
  -2.848
  -5.083
  -6.785
  -7.801
  -8.044
  -7.502
  -6.233
  -4.361
  -2.063
  0.4458
   2.926
    5.14
   6.867
   7.929
   8.207
   7.653
   6.306
   4.282
   1.778
 -0.9554
  -3.632
  -5.963
   -7.69
  -8.613
  -8.619
  -7.694
   -5.93
  -3.516
 -0.7147
   2.165
   4.806
    6.92
   8.278
    8.74
   8.267
   6.925
   4.872
   2.338
 -0.3989
  -3.051
  -5.347
  -7.062
  -8.037
  -8.192
   -7.53
  -6.133
  -4.147
  -1.775
  0.7545
   3.198
   5.326
   6.934
   7.868
   8.033
   7.406
   6.034
   4.041
   1.612
  -1.019
  -3.587
  -5.826
  -7.496
  -8.407
  -8.444
  -7.585
  -5.905
   -3.57
 -0.8268
   2.031
   4.689
   6.853
   8.283
   8.818
     8.4
   7.078
   5.004
   2.409
 -0.4185
  -3.171
  -5.554
  -7.324
  -8.305
  -8.413
  -7.658
  -6.135
  -4.017
   -1.53
   1.074
   3.536
   5.621
   7.134
   7.938
   7.964
   7.214
    5.76
   3.739
    1.34
   -1.21
  -3.665
  -5.784
  -7.349
  -8.194
  -8.214
  -7.389
  -5.782
  -3.543
  -0.894
   1.892
   4.518
   6.695
   8.179
   8.797
   8.468
   7.219
   5.182
   2.577
 -0.3091
  -3.157
  -5.655
  -7.531
  -8.585
  -8.714
  -7.917
  -6.294
  -4.033
  -1.384
   1.366
   3.933
   6.057
   7.533
   8.229
   8.093
   7.154
   5.519
   3.358
  0.8851
   -1.66
  -4.034
   -6.01
  -7.399
  -8.066
  -7.939
  -7.023
  -5.395
  -3.204
 -0.6606
   1.986
   4.467
   6.522
   7.926
   8.519
    8.22
   7.044
   5.104
   2.597
 -0.2114
  -3.017
  -5.512
  -7.422
  -8.534
  -8.727
  -7.981
  -6.383
  -4.112
  -1.421
   1.396
   4.034
   6.218
   7.725
   8.412
   8.223
   7.197
   5.456
   3.191
  0.6375
  -1.947
   -4.31
  -6.225
  -7.513
  -8.058
  -7.813
  -6.802
  -5.123
  -2.934
 -0.4424
   2.114
   4.485
   6.433
   7.756
   8.308
   8.015
   6.888
   5.027
   2.611
 -0.1153
  -2.867
  -5.348
  -7.284
  -8.457
  -8.729
  -8.061
  -6.519
  -4.268
  -1.555
   1.324
    4.05
   6.329
   7.914
   8.643
   8.449
   7.366
   5.525
   3.134
  0.4534
  -2.233
   -4.65
   -6.56
  -7.782
  -8.209
  -7.816
  -6.655
  -4.852
  -2.586
-0.08068
   2.425
   4.692
   6.504
   7.686
   8.118
   7.749
   6.603
   4.781
    2.45
 -0.1661
  -2.806
  -5.197
  -7.085
   -8.26
   -8.58
  -7.994
  -6.547
  -4.381
  -1.722
   1.147
   3.911
   6.267
   7.951
   8.777
   8.654
   7.597
   5.728
   3.257
  0.4588
  -2.361
  -4.899
  -6.891
  -8.136
  -8.519
  -8.019
  -6.705
   -4.73
  -2.307
  0.3137
    2.87
   5.111
   6.827
   7.857
    8.11
   7.568
   6.285
   4.383
   2.043
 -0.5116
  -3.036
  -5.281
   -7.02
  -8.071
  -8.312
  -7.704
   -6.29
    -4.2
  -1.641
   1.126
   3.809
   6.116
   7.793
   8.647
   8.577
   7.582
   5.765
   3.323
  0.5244
  -2.324
  -4.911
  -6.955
  -8.241
  -8.639
   -8.12
  -6.754
  -4.702
  -2.191
  0.5082
   3.114
   5.363
   7.038
   7.985
   8.125
    7.46
   6.068
   4.094
   1.731
 -0.7917
  -3.234
  -5.364
  -6.977
  -7.915
  -8.079
  -7.442
  -6.053
  -4.033
  -1.574
   1.086
   3.677
   5.929
   7.596
   8.488
   8.492
   7.591
   5.865
   3.489
  0.7154
  -2.155
  -4.807
  -6.946
  -8.334
  -8.818
  -8.347
  -6.979
  -4.871
   -2.26
  0.5627
   3.292
   5.637
   7.359
   8.291
   8.354
   7.562
   6.016
   3.889
   1.406
  -1.182
  -3.621
   -5.68
  -7.166
  -7.945
  -7.949
  -7.179
  -5.708
  -3.673
  -1.263
   1.295
   3.754
    5.87
   7.426
   8.252
   8.246
   7.387
   5.745
   3.472
  0.7969
  -2.004
  -4.628
  -6.788
  -8.239
  -8.812
  -8.435
   -7.14
  -5.067
  -2.443
  0.4423
   3.269
   5.727
   7.551
   8.551
    8.63
   7.794
   6.151
    3.89
   1.261
  -1.456
  -3.981
  -6.061
  -7.501
   -8.17
   -8.02
  -7.081
  -5.455
  -3.307
 -0.8467
   1.691
   4.064
   6.047
   7.446
   8.122
   7.999
   7.075
   5.426
   3.203
  0.6172
  -2.073
  -4.592
  -6.669
  -8.076
  -8.646
  -8.302
  -7.064
  -5.054
  -2.482
  0.3745
   3.203
    5.69
    7.56
   8.608
   8.721
   7.894
   6.227
   3.911
   1.207
  -1.587
  -4.174
  -6.283
  -7.707
  -8.316
  -8.067
  -7.007
  -5.263
  -3.022
 -0.5151
   2.012
   4.317
   6.184
   7.441
   7.975
   7.736
   6.745
   5.089
    2.92
  0.4377
  -2.122
  -4.508
  -6.478
  -7.824
  -8.389
  -8.096
  -6.952
  -5.055
  -2.592
  0.1867
   2.984
   5.494
   7.435
   8.587
   8.813
   8.082
    6.47
   4.156
   1.397
  -1.498
  -4.211
  -6.447
  -7.969
  -8.624
  -8.358
  -7.219
  -5.347
  -2.954
 -0.3008
   2.337
   4.694
   6.543
   7.714
   8.109
   7.703
   6.549
   4.765
   2.526
 0.04476
  -2.445
  -4.708
  -6.527
  -7.721
  -8.164
  -7.799
  -6.643
  -4.794
  -2.422
  0.2426
   2.929
   5.355
   7.256
   8.416
   8.693
   8.041
   6.515
   4.271
   1.549
  -1.353
  -4.116
  -6.433
  -8.049
  -8.787
  -8.572
  -7.439
  -5.522
  -3.039
 -0.2685
    2.49
   4.946
   6.849
   8.016
   8.346
   7.825
   6.526
   4.595
   2.234
 -0.3203
   -2.82
  -5.026
  -6.733
  -7.781
   -8.07
  -7.571
  -6.325
  -4.443
  -2.099
  0.4859
    3.06
   5.364
   7.157
   8.242
   8.488
   7.849
   6.371
   4.195
   1.542
  -1.308
  -4.047
  -6.371
   -8.02
  -8.806
  -8.639
  -7.535
  -5.618
  -3.103
 -0.2709
   2.564
   5.094
    7.05
   8.232
   8.531
   7.935
   6.528
   4.475
   2.003
 -0.6267
  -3.149
  -5.317
  -6.928
  -7.838
  -7.972
  -7.329
  -5.978
  -4.052
  -1.731
  0.7653
   3.202
   5.347
   6.989
   7.958
   8.146
   7.515
   6.107
   4.048
   1.531
  -1.191
  -3.836
  -6.119
  -7.787
  -8.646
  -8.587
  -7.601
  -5.786
  -3.332
 -0.5069
   2.379
   5.005
   7.084
   8.388
   8.781
   8.229
   6.804
   4.674
   2.081
 -0.6931
  -3.351
  -5.618
  -7.271
  -8.156
  -8.201
  -7.422
  -5.914
  -3.839
  -1.409
   1.139
   3.558
    5.62
    7.13
   7.946
   7.986
   7.241
   5.773
   3.714
   1.257
  -1.363
  -3.885
  -6.051
  -7.629
  -8.441
  -8.383
  -7.441
  -5.697
  -3.323
 -0.5654
   2.282
   4.907
    7.02
   8.385
   8.847
   8.354
    6.96
   4.823
    2.18
 -0.6749
   -3.43
  -5.791
   -7.51
  -8.418
  -8.434
  -7.577
  -5.954
  -3.749
  -1.198
   1.435
   3.888
   5.923
    7.35
   8.039
   7.935
   7.052
   5.481
    3.37
  0.9217
  -1.632
  -4.045
  -6.081
  -7.532
  -8.244
  -8.129
   -7.18
  -5.476
  -3.176
 -0.5063
   2.258
   4.824
   6.912
   8.287
   8.787
   8.347
   7.004
   4.898
   2.257
 -0.6299
  -3.445
  -5.878
  -7.666
  -8.618
   -8.64
  -7.744
   -6.04
  -3.724
  -1.055
   1.681
   4.197
   6.241
   7.615
   8.197
   7.948
   6.912
   5.204
   3.004
  0.5292
  -1.979
  -4.284
  -6.165
  -7.446
  -8.002
  -7.776
   -6.78
  -5.101
  -2.891
 -0.3584
   2.249
   4.669
    6.65
   7.975
    8.49
   8.123
   6.892
   4.912
   2.384
 -0.4277
   -3.22
  -5.688
  -7.557
  -8.618
  -8.752
  -7.943
  -6.283
  -3.955
   -1.22
   1.623
   4.266
   6.428
   7.887
   8.503
   8.227
   7.106
   5.274
   2.933
  0.3291
  -2.272
  -4.613
  -6.468
  -7.665
  -8.097
  -7.729
  -6.602
  -4.827
  -2.574
-0.05676
   2.482
   4.795
   6.653
   7.864
   8.295
   7.886
   6.661
   4.729
   2.274
 -0.4555
  -3.177
    -5.6
  -7.457
   -8.54
  -8.718
  -7.962
  -6.345
  -4.039
  -1.292
   1.594
   4.303
   6.541
   8.065
   8.718
   8.438
   7.269
   5.349
   2.895
  0.1743
  -2.523
   -4.92
  -6.778
   -7.92
  -8.247
  -7.744
  -6.476
   -4.58
  -2.249
  0.2868
   2.783
       5
   6.726
   7.796
   8.101
   7.605
   6.347
   4.438
   2.057
 -0.5677
  -3.174
  -5.496
  -7.285
  -8.341
  -8.539
  -7.836
  -6.292
  -4.057
  -1.362
   1.504
   4.231
   6.517
   8.109
   8.828
   8.594
   7.435
   5.482
   2.954
  0.1316
  -2.676
  -5.166
  -7.079
  -8.223
  -8.493
  -7.881
   -6.47
  -4.424
  -1.964
  0.6541
   3.167
    5.33
   6.941
   7.852
   7.986
   7.338
   5.975
   4.028
   1.684
 -0.8374
  -3.294
  -5.447
  -7.081
  -8.025
  -8.171
  -7.486
  -6.022
  -3.911
  -1.358
   1.379
   4.013
   6.259
   7.869
   8.657
   8.524
   7.474
   5.613
   3.138
  0.3197
  -2.534
   -5.11
  -7.128
  -8.372
  -8.714
  -8.127
  -6.689
  -4.566
  -1.994
   0.747
    3.37
   5.607
   7.239
   8.115
   8.163
   7.396
   5.903
   3.842
    1.42
  -1.127
  -3.555
   -5.63
  -7.156
  -7.982
  -8.025
   -7.27
  -5.781
  -3.692
  -1.199
   1.454
   3.999
   6.173
   7.739
   8.518
    8.41
   7.408
   5.603
   3.175
  0.3806
  -2.479
  -5.091
  -7.165
  -8.471
  -8.862
  -8.296
   -6.84
  -4.657
  -1.994
  0.8563
   3.583
   5.896
   7.558
   8.408
   8.374
   7.481
   5.841
   3.638
   1.105
    -1.5
  -3.919
  -5.921
  -7.321
  -7.993
  -7.881
  -7.001
  -5.437
  -3.337
  -0.898
   1.648
   4.057
   6.091
    7.54
   8.248
   8.124
   7.161
   5.437
   3.115
  0.4242
  -2.355
  -4.926
  -7.006
  -8.357
  -8.821
  -8.335
  -6.942
   -4.79
  -2.114
  0.7909
   3.603
   6.014
   7.762
   8.663
    8.63
   7.683
   5.939
     3.6
  0.9255
  -1.798
  -4.288
  -6.297
  -7.635
  -8.186
  -7.913
  -6.862
  -5.151
  -2.954
 -0.4882
   2.011
   4.307
   6.183
   7.461
   8.014
   7.783
   6.778
   5.083
   2.853
   0.298
   -2.33
  -4.763
  -6.744
  -8.054
  -8.537
  -8.122
  -6.836
    -4.8
  -2.224
  0.6167
   3.413
   5.857
   7.676
   8.667
   8.721
   7.835
   6.112
   3.747
   1.005
  -1.813
  -4.405
  -6.498
  -7.884
  -8.433
  -8.109
  -6.965
  -5.137
  -2.823
 -0.2627
   2.289
   4.585
    6.41
   7.595
   8.034
   7.689
   6.594
    4.85
   2.618
  0.1082
  -2.441
  -4.779
   -6.67
  -7.914
  -8.367
  -7.963
  -6.722
  -4.752
  -2.246
  0.5401
   3.311
   5.763
   7.622
   8.675
   8.795
   7.959
   6.256
    3.87
   1.066
  -1.844
  -4.539
  -6.725
   -8.17
  -8.729
  -8.355
  -7.109
   -5.14
  -2.672
  0.0263
   2.673
   5.001
   6.785
   7.864
   8.147
   7.626
   6.365
   4.496
   2.205
 -0.2914
  -2.756
  -4.956
  -6.683
  -7.767
  -8.096
  -7.624
  -6.381
  -4.474
  -2.078
  0.5744
   3.216
   5.569
   7.377
   8.435
   8.609
   7.862
   6.258
   3.959
    1.21
  -1.691
  -4.423
  -6.682
  -8.216
  -8.856
  -8.536
  -7.297
  -5.286
   -2.73
 0.08399
    2.85
   5.276
   7.112
   8.182
   8.394
   7.749
   6.334
   4.309
   1.888
 -0.6837
  -3.155
  -5.292
  -6.895
  -7.819
   -7.98
  -7.365
   -6.03
  -4.097
  -1.745
  0.8047
   3.305
   5.509
   7.187
   8.158
   8.303
   7.587
   6.064
   3.876
   1.243
  -1.559
  -4.231
  -6.476
  -8.043
  -8.751
  -8.515
  -7.356
  -5.399
  -2.861
-0.02371
   2.801
   5.304
   7.218
   8.345
   8.579
   7.912
   6.433
   4.313
   1.788
  -0.878
  -3.412
  -5.564
  -7.133
  -7.977
  -8.028
  -7.294
  -5.854
  -3.852
  -1.478
   1.042
    3.47
   5.574
   7.147
   8.028
   8.118
   7.391
   5.901
   3.781
   1.232
  -1.491
  -4.104
  -6.328
  -7.913
  -8.676
  -8.515
  -7.433
  -5.535
  -3.021
 -0.1638
   2.722
   5.317
   7.332
   8.547
   8.833
   8.166
    6.63
   4.403
   1.738
  -1.073
   -3.73
  -5.955
   -7.53
  -8.308
  -8.229
  -7.323
  -5.701
  -3.536
  -1.053
   1.505
   3.892
   5.883
   7.292
   7.989
   7.908
   7.055
   5.503
   3.395
  0.9267
  -1.665
  -4.126
  -6.205
  -7.682
  -8.389
  -8.234
  -7.212
  -5.413
  -3.012
 -0.2571
   2.559
    5.13
   7.168
   8.446
   8.814
   8.228
   6.751
   4.546
   1.857
  -1.017
  -3.761
  -6.079
  -7.727
  -8.539
  -8.444
  -7.471
   -5.74
  -3.446
 -0.8375
   1.815
   4.245
   6.216
   7.545
   8.114
    7.88
   6.877
   5.206
   3.032
  0.5624
  -1.968
  -4.316
  -6.254
  -7.589
   -8.18
  -7.955
   -6.92
  -5.164
   -2.85
 -0.2047
   2.502
   4.985
   6.975
   8.249
   8.657
   8.141
   6.745
   4.613
   1.971
 -0.8908
   -3.66
  -6.032
  -7.747
  -8.623
   -8.57
  -7.604
  -5.841
  -3.482
 -0.7876
   1.952
   4.449
   6.452
   7.766
   8.274
   7.942
   6.822
   5.039
   2.778
  0.2657
  -2.254
   -4.54
  -6.377
  -7.592
  -8.066
  -7.752
  -6.672
  -4.921
   -2.66
 -0.1025
   2.502
   4.891
   6.817
   8.069
     8.5
   8.046
   6.736
   4.691
   2.118
 -0.7133
  -3.497
  -5.927
  -7.733
   -8.71
  -8.746
  -7.834
  -6.076
  -3.667
 -0.8746
   1.993
   4.623
   6.734
   8.109
   8.612
   8.208
   6.958
   5.009
   2.578
-0.07879
  -2.688
   -4.99
  -6.764
  -7.848
  -8.146
  -7.642
  -6.392
  -4.521
   -2.21
  0.3196
   2.826
   5.068
   6.826
    7.92
   8.232
   7.717
   6.411
   4.428
   1.959
 -0.7493
  -3.419
  -5.766
  -7.533
   -8.52
  -8.607
  -7.772
  -6.095
  -3.752
  -0.994
   1.877
   4.547
   6.723
   8.168
    8.73
   8.354
   7.093
   5.092
   2.578
 -0.1756
  -2.874
  -5.236
  -7.026
  -8.073
  -8.287
  -7.662
   -6.28
  -4.288
  -1.893
  0.6677
   3.146
   5.304
   6.938
   7.891
   8.071
   7.458
   6.102
   4.128
    1.72
 -0.8899
  -3.444
  -5.682
  -7.369
  -8.317
  -8.412
  -7.626
  -6.025
  -3.764
  -1.077
   1.753
   4.417
   6.624
   8.127
   8.758
   8.444
   7.221
   5.223
   2.673
 -0.1463
  -2.927
  -5.369
  -7.215
  -8.281
  -8.466
   -7.77
  -6.284
  -4.178
  -1.679
   0.952
    3.45
   5.573
   7.119
   7.949
   7.993
   7.256
   5.813
   3.804
    1.42
  -1.112
  -3.552
  -5.662
  -7.234
  -8.102
  -8.167
  -7.404
  -5.872
   -3.71
  -1.126
   1.617
   4.234
   6.441
   7.994
    8.71
   8.498
   7.369
   5.434
   2.901
 0.04388
  -2.822
  -5.382
  -7.353
  -8.522
  -8.767
  -8.071
  -6.521
  -4.297
  -1.647
   1.139
   3.765
   5.962
   7.512
   8.272
   8.183
   7.273
   5.648
   3.483
  0.9963
  -1.567
   -3.96
  -5.955
  -7.365
  -8.054
  -7.956
  -7.073
  -5.484
  -3.333
  -0.824
   1.801
   4.281
    6.36
   7.815
   8.481
    8.27
   7.186
   5.327
   2.878
 0.09472
  -2.726
  -5.275
   -7.27
  -8.489
  -8.792
  -8.146
  -6.621
   -4.39
  -1.701
    1.15
   3.851
   6.113
   7.701
   8.459
   8.325
   7.331
   5.599
   3.324
  0.7474
  -1.865
  -4.255
  -6.192
  -7.497
  -8.054
  -7.819
  -6.821
   -5.16
  -2.994
 -0.5276
   2.005
   4.361
   6.309
   7.652
   8.244
    8.01
   6.955
   5.167
   2.813
   0.126
  -2.617
  -5.123
  -7.119
  -8.379
  -8.751
  -8.184
  -6.728
  -4.537
  -1.847
   1.044
   3.818
    6.17
   7.842
   8.659
   8.541
   7.515
   5.705
   3.321
  0.6269
  -2.088
  -4.541
  -6.488
  -7.743
  -8.197
  -7.826
  -6.684
  -4.898
  -2.652
 -0.1669
   2.319
   4.572
   6.379
   7.571
   8.031
   7.708
   6.623
   4.867
     2.6
  0.0347
  -2.579
  -4.975
  -6.903
  -8.147
   -8.56
  -8.076
  -6.726
  -4.637
  -2.024
  0.8374
   3.635
   6.059
   7.838
   8.771
   8.752
   7.784
   5.977
   3.536
  0.7338
  -2.119
  -4.713
  -6.774
  -8.091
  -8.542
  -8.098
  -6.827
  -4.879
  -2.469
  0.1517
   2.718
   4.979
   6.721
   7.785
    8.08
   7.583
   6.348
   4.493
   2.192
 -0.3377
  -2.855
  -5.116
  -6.894
  -8.005
  -8.321
  -7.792
  -6.451
  -4.419
   -1.89
  0.8784
   3.595
   5.967
   7.728
   8.678
     8.7
   7.782
   6.017
   3.596
  0.7851
  -2.105
  -4.754
  -6.874
  -8.238
  -8.707
  -8.245
  -6.916
  -4.881
   -2.37
  0.3433
   2.974
   5.254
   6.963
   7.943
   8.117
   7.485
   6.124
   4.178
   1.841
 -0.6631
  -3.097
  -5.231
  -6.862
  -7.834
  -8.044
  -7.462
  -6.129
  -4.161
  -1.739
  0.9035
   3.502
   5.785
   7.505
   8.466
   8.545
   7.715
   6.047
   3.707
  0.9439
  -1.944
  -4.638
  -6.838
  -8.299
  -8.858
  -8.455
  -7.142
  -5.069
  -2.474
  0.3541
   3.106
   5.489
   7.258
   8.242
   8.357
   7.614
   6.112
   4.021
   1.563
  -1.012
  -3.451
  -5.522
  -7.035
  -7.853
  -7.905
   -7.19
  -5.774
   -3.79
  -1.418
   1.117
   3.573
   5.709
   7.305
   8.187
   8.248
   7.459
   5.879
   3.654
   1.005
  -1.794
  -4.444
  -6.652
   -8.17
   -8.82
   -8.52
  -7.296
  -5.277
  -2.685
  0.1932
    3.04
   5.542
   7.429
   8.504
   8.662
   7.903
   6.324
    4.11
   1.506
   -1.21
  -3.756
   -5.88
  -7.379
  -8.118
   -8.04
  -7.169
  -5.601
  -3.495
  -1.057
   1.481
   3.875
   5.898
   7.353
   8.092
   8.035
   7.171
   5.571
    3.38
  0.8056
  -1.895
  -4.445
  -6.571
  -8.038
  -8.675
  -8.395
  -7.213
  -5.243
  -2.691
  0.1693
   3.024
   5.557
    7.49
   8.609
   8.796
   8.035
   6.419
   4.136
   1.442
  -1.367
  -3.989
  -6.153
  -7.643
  -8.322
   -8.14
  -7.137
  -5.434
  -3.217
  -0.713
   1.829
   4.164
   6.072
   7.378
   7.961
   7.769
   6.818
   5.194
   3.046
  0.5733
  -1.988
  -4.386
  -6.379
  -7.756
  -8.361
   -8.11
  -7.009
  -5.152
   -2.72
 0.03822
   2.831
   5.355
   7.329
    8.53
   8.816
    8.15
     6.6
   4.337
    1.61
  -1.277
  -4.009
  -6.288
  -7.874
  -8.606
  -8.421
  -7.357
  -5.544
  -3.188
 -0.5452
   2.108
   4.504
   6.409
   7.647
   8.109
   7.766
   6.663
   4.916
   2.697
  0.2198
   -2.28
  -4.563
  -6.411
  -7.641
  -8.124
    -7.8
  -6.686
  -4.877
   -2.54
   0.097
   2.769
   5.196
   7.116
   8.314
   8.645
   8.058
   6.601
   4.421
   1.749
  -1.128
  -3.894
  -6.244
  -7.921
  -8.742
  -8.621
   -7.58
   -5.74
   -3.31
 -0.5583
   2.217
