  -4.471
  -4.434
  -3.659
  -2.272
 -0.4998
   1.367
   3.027
   4.211
   4.731
   4.508
   3.581
   2.104
   0.316
  -1.497
  -3.046
  -4.086
  -4.452
  -4.088
  -3.052
  -1.509
  0.2933
   2.067
   3.526
   4.432
   4.635
   4.097
     2.9
   1.236
  -0.627
  -2.386
  -3.755
   -4.51
  -4.527
  -3.806
  -2.467
 -0.7311
   1.115
   2.769
   3.962
     4.5
   4.299
   3.391
   1.926
  0.1398
  -1.681
  -3.245
  -4.303
  -4.685
   -4.33
  -3.294
  -1.741
 0.07954
   1.877
    3.36
   4.289
    4.51
   3.986
   2.799
   1.141
 -0.7174
  -2.473
   -3.84
  -4.594
  -4.612
  -3.894
  -2.557
 -0.8197
   1.035
   2.708
   3.931
   4.512
    4.36
   3.505
   2.086
  0.3339
  -1.471
  -3.037
  -4.115
  -4.528
  -4.209
  -3.204
  -1.671
  0.1446
   1.952
   3.458
   4.416
   4.668
   4.169
   2.999
   1.348
 -0.5141
  -2.281
  -3.662
  -4.431
  -4.462
  -3.751
  -2.419
 -0.6819
   1.175
   2.852
   4.079
   4.663
   4.512
   3.653
   2.228
  0.4628
   -1.36
  -2.951
  -4.058
  -4.504
  -4.218
  -3.245
  -1.739
 0.05853
   1.858
   3.366
   4.336
   4.607
   4.129
   2.979
    1.34
 -0.5212
  -2.301
  -3.709
  -4.518
  -4.596
  -3.935
  -2.646
 -0.9416
  0.8983
   2.574
   3.815
   4.422
   4.297
   3.462
   2.052
  0.2913
  -1.537
  -3.141
  -4.263
   -4.72
  -4.439
   -3.46
  -1.938
  -0.117
    1.71
   3.246
   4.243
   4.536
   4.077
   2.942
   1.317
 -0.5321
  -2.301
  -3.701
  -4.503
   -4.58
  -3.919
   -2.63
 -0.9224
  0.9287
   2.627
   3.904
   4.557
   4.487
   3.708
   2.347
  0.6219
  -1.189
  -2.796
  -3.938
  -4.428
  -4.183
  -3.238
  -1.741
 0.06704
   1.894
   3.442
   4.454
   4.764
   4.317
   3.185
   1.553
 -0.3123
  -2.106
  -3.535
  -4.369
  -4.475
  -3.841
  -2.575
 -0.8849
  0.9525
    2.64
   3.907
   4.551
    4.47
   3.676
   2.296
  0.5467
  -1.293
  -2.933
  -4.111
  -4.638
   -4.43
  -3.518
  -2.048
 -0.2565
   1.564
   3.118
   4.148
   4.485
   4.072
   2.975
   1.374
 -0.4704
  -2.255
   -3.69
  -4.542
  -4.675
  -4.069
  -2.824
  -1.145
  0.6984
   2.409
   3.713
   4.404
   4.371
   3.621
   2.275
  0.5484
   -1.28
  -2.916
  -4.093
  -4.618
    -4.4
   -3.47
  -1.975
  -0.155
   1.696
   3.278
   4.333
    4.69
   4.291
   3.204
    1.61
 -0.2306
  -2.016
  -3.457
  -4.321
  -4.472
  -3.889
  -2.669
  -1.011
  0.8198
    2.53
   3.846
   4.561
   4.559
   3.842
   2.521
  0.8077
  -1.026
  -2.684
  -3.899
  -4.472
  -4.306
  -3.424
  -1.968
 -0.1742
   1.664
   3.245
   4.307
   4.672
   4.282
   3.197
   1.598
 -0.2555
   -2.06
  -3.525
  -4.413
  -4.587
  -4.021
  -2.813
  -1.158
  0.6738
    2.39
   3.716
   4.439
   4.445
    3.73
   2.408
  0.6875
  -1.157
  -2.831
  -4.065
  -4.658
  -4.512
  -3.649
  -2.207
 -0.4202
   1.421
   3.015
   4.102
   4.503
   4.155
   3.114
   1.554
 -0.2706
  -2.061
  -3.528
  -4.434
  -4.634
  -4.098
  -2.914
  -1.273
  0.5615
   2.297
   3.655
    4.42
   4.467
   3.788
   2.492
  0.7854
  -1.056
  -2.733
  -3.971
  -4.566
  -4.415
   -3.54
   -2.08
   -0.27
   1.595
   3.211
   4.317
   4.733
   4.396
   3.365
    1.81
-0.01276
  -1.807
  -3.284
  -4.208
  -4.433
  -3.927
  -2.773
  -1.159
  0.6588
   2.389
   3.756
   4.539
   4.613
   3.961
   2.684
  0.9853
 -0.8648
  -2.568
  -3.847
  -4.493
  -4.398
  -3.576
  -2.161
 -0.3856
   1.458
   3.064
   4.169
   4.589
   4.255
   3.222
    1.66
 -0.1782
  -1.994
  -3.497
  -4.447
  -4.696
  -4.208
  -3.063
  -1.449
  0.3766
   2.121
   3.505
   4.307
   4.397
   3.758
   2.491
   0.798
   -1.05
  -2.753
  -4.034
  -4.684
  -4.593
  -3.773
  -2.358
 -0.5751
   1.285
   2.919
   4.064
   4.536
   4.262
   3.291
   1.786
-0.007227
  -1.795
  -3.288
  -4.245
  -4.513
  -4.047
  -2.922
  -1.317
  0.5141
   2.278
   3.692
    4.53
   4.653
    4.04
   2.787
   1.094
 -0.7635
  -2.484
  -3.785
  -4.453
  -4.375
  -3.564
  -2.153
 -0.3714
   1.487
    3.12
    4.26
   4.725
   4.442
   3.459
   1.939
  0.1278
  -1.684
  -3.209
  -4.205
  -4.517
  -4.099
   -3.02
  -1.453
  0.3491
   2.099
   3.514
   4.366
   4.512
   3.924
   2.693
   1.014
 -0.8439
  -2.578
  -3.906
  -4.609
  -4.571
  -3.796
  -2.413
 -0.6489
   1.207
   2.849
   4.009
     4.5
   4.244
   3.285
   1.782
-0.02176
  -1.834
  -3.363
  -4.365
  -4.681
  -4.261
  -3.172
  -1.587
  0.2416
   2.022
   3.468
   4.349
   4.521
   3.954
   2.738
   1.068
 -0.7834
  -2.516
  -3.846
  -4.555
  -4.527
  -3.764
  -2.392
 -0.6348
   1.222
   2.877
   4.063
   4.592
   4.382
   3.471
    2.01
   0.236
  -1.564
    -3.1
  -4.126
  -4.477
  -4.095
   -3.04
  -1.478
  0.3424
   2.128
   3.592
   4.494
   4.686
   4.132
    2.92
   1.243
 -0.6254
   -2.38
  -3.732
  -4.462
  -4.449
  -3.697
  -2.331
 -0.5759
    1.28
   2.935
    4.12
   4.648
   4.436
   3.521
   2.053
  0.2666
  -1.552
  -3.115
  -4.176
  -4.567
  -4.228
  -3.213
  -1.685
  0.1121
   1.888
   3.356
   4.275
   4.493
   3.968
   2.781
   1.123
 -0.7378
  -2.499
  -3.871
  -4.629
   -4.65
  -3.931
  -2.591
 -0.8512
   1.004
   2.671
   3.881
    4.44
   4.261
   3.375
   1.928
  0.1544
   -1.66
  -3.224
  -4.286
  -4.675
  -4.327
  -3.294
  -1.739
 0.09223
   1.906
   3.412
   4.367
   4.616
   4.118
   2.953
   1.313
 -0.5347
  -2.287
  -3.656
  -4.417
  -4.447
  -3.741
  -2.416
 -0.6876
   1.163
   2.838
    4.07
   4.662
   4.523
   3.678
   2.265
  0.5116
  -1.302
  -2.885
  -3.984
  -4.422
  -4.125
   -3.14
  -1.623
  0.1835
   1.985
   3.489
   4.445
   4.693
   4.189
   3.009
   1.345
 -0.5342
  -2.322
  -3.726
  -4.521
   -4.58
  -3.897
  -2.589
 -0.8719
  0.9719
   2.644
   3.874
   4.468
   4.331
   3.488
   2.075
  0.3172
  -1.506
  -3.106
  -4.226
  -4.689
  -4.419
  -3.456
  -1.954
 -0.1519
    1.66
   3.187
    4.18
   4.475
   4.023
   2.894
   1.274
 -0.5708
  -2.338
  -3.737
  -4.537
  -4.609
   -3.94
  -2.642
 -0.9252
  0.9315
   2.629
   3.895
    4.53
   4.433
   3.624
   2.233
  0.4863
  -1.337
  -2.943
  -4.072
  -4.542
  -4.272
  -3.302
  -1.786
 0.03456
   1.866
   3.412
    4.42
   4.725
   4.278
   3.151
   1.528
 -0.3236
  -2.103
   -3.52
  -4.347
  -4.452
  -3.822
  -2.562
 -0.8803
  0.9514
   2.638
   3.909
   4.562
   4.494
   3.715
   2.349
  0.6139
  -1.214
  -2.843
   -4.01
  -4.526
  -4.304
  -3.376
  -1.891
-0.08872
   1.738
   3.288
   4.306
   4.621
   4.179
   3.051
    1.42
 -0.4462
  -2.244
  -3.681
  -4.525
  -4.644
  -4.022
  -2.766
  -1.081
  0.7593
   2.459
   3.745
   4.416
   4.365
   3.601
   2.246
  0.5159
  -1.314
  -2.951
  -4.133
  -4.667
  -4.466
  -3.558
  -2.086
 -0.2884
   1.545
   3.116
   4.166
   4.525
   4.132
   3.053
   1.467
 -0.3667
  -2.146
  -3.579
  -4.433
   -4.57
  -3.969
  -2.728
  -1.048
  0.8002
   2.521
    3.84
   4.547
   4.531
   3.795
   2.457
  0.7322
  -1.103
  -2.751
  -3.946
   -4.49
  -4.291
  -3.379
  -1.897
-0.08508
   1.763
   3.347
   4.407
   4.772
   4.382
   3.302
   1.711
 -0.1312
  -1.926
  -3.383
  -4.271
   -4.45
  -3.896
  -2.704
  -1.069
  0.7458
   2.448
   3.763
   4.482
   4.486
   3.772
    2.45
  0.7296
  -1.117
  -2.793
  -4.028
   -4.62
  -4.471
  -3.602
  -2.154
 -0.3615
    1.48
   3.066
   4.136
   4.512
   4.132
   3.058
   1.466
 -0.3815
  -2.185
  -3.652
  -4.547
   -4.73
  -4.173
  -2.971
  -1.317
  0.5233
   2.257
   3.608
   4.364
   4.404
   3.724
   2.432
  0.7351
  -1.094
   -2.76
  -3.992
  -4.586
  -4.442
  -3.578
  -2.132
 -0.3368
   1.517
   3.129
   4.235
   4.657
   4.329
   3.307
   1.761
-0.05492
  -1.843
  -3.313
  -4.227
  -4.439
  -3.916
  -2.744
  -1.111
  0.7207
   2.458
   3.821
   4.592
   4.645
   3.968
   2.667
   0.949
  -0.911
  -2.613
   -3.88
  -4.506
  -4.386
   -3.54
  -2.106
 -0.3173
   1.532
   3.138
   4.239
   4.655
    4.32
   3.291
   1.737
-0.08997
  -1.895
  -3.389
  -4.336
  -4.589
   -4.11
  -2.981
  -1.383
  0.4258
   2.157
   3.533
    4.33
    4.42
   3.783
   2.518
  0.8257
  -1.023
  -2.727
  -4.009
  -4.656
  -4.561
  -3.734
   -2.31
 -0.5209
    1.34
   2.967
   4.095
    4.54
   4.233
   3.225
   1.685
 -0.1353
   -1.94
  -3.437
  -4.388
  -4.642
   -4.16
   -3.02
  -1.405
  0.4283
   2.188
   3.594
   4.423
    4.54
   3.927
    2.68
  0.9996
 -0.8434
   -2.55
  -3.841
  -4.503
  -4.428
  -3.623
   -2.22
 -0.4472
   1.407
   3.041
   4.188
   4.664
   4.396
   3.429
   1.924
  0.1259
  -1.673
  -3.183
  -4.161
  -4.452
   -4.01
  -2.905
  -1.314
   0.509
   2.271
   3.688
    4.53
   4.658
   4.046
    2.79
   1.089
 -0.7826
  -2.521
  -3.843
  -4.533
  -4.478
  -3.689
  -2.295
 -0.5267
   1.325
   2.956
   4.103
   4.579
   4.311
   3.345
   1.838
 0.03516
  -1.776
  -3.307
  -4.317
  -4.646
  -4.246
  -3.181
  -1.622
  0.1807
    1.94
   3.371
   4.241
   4.408
   3.838
   2.621
  0.9509
 -0.9019
  -2.635
  -3.963
  -4.666
  -4.626
  -3.848
  -2.458
 -0.6835
   1.186
   2.846
   4.027
   4.542
   4.311
   3.375
   1.892
  0.1038
    -1.7
  -3.229
  -4.237
  -4.563
  -4.154
  -3.073
  -1.491
  0.3411
   2.132
   3.596
   4.498
   4.692
   4.144
   2.943
   1.283
 -0.5677
  -2.306
  -3.648
  -4.374
  -4.365
  -3.623
   -2.27
  -0.529
   1.315
   2.963
   4.146
   4.674
   4.465
   3.553
   2.087
  0.3029
  -1.514
  -3.074
  -4.128
  -4.509
  -4.156
  -3.124
   -1.58
   0.229
    2.01
   3.473
   4.377
    4.57
   4.015
   2.799
   1.115
 -0.7645
  -2.533
  -3.903
   -4.65
  -4.656
  -3.921
  -2.569
  -0.823
   1.031
   2.692
   3.893
   4.443
   4.258
   3.371
   1.929
  0.1632
  -1.642
    -3.2
  -4.261
  -4.657
  -4.321
  -3.306
  -1.772
 0.03919
   1.837
   3.331
   4.279
   4.525
   4.027
   2.862
   1.222
 -0.6269
  -2.379
  -3.746
  -4.501
   -4.52
  -3.798
  -2.454
 -0.7082
   1.156
   2.835
   4.061
   4.637
   4.475
   3.604
   2.167
  0.3955
  -1.425
  -3.004
  -4.087
  -4.502
  -4.181
  -3.172
  -1.637
  0.1806
   1.988
   3.493
    4.45
   4.703
   4.208
   3.043
   1.398
 -0.4594
  -2.227
  -3.617
  -4.405
  -4.463
  -3.785
  -2.487
 -0.7805
   1.054
   2.721
   3.949
   4.544
    4.41
    3.57
   2.158
  0.4003
  -1.423
  -3.021
  -4.138
  -4.593
  -4.311
  -3.334
  -1.819
-0.008774
   1.803
   3.321
   4.294
   4.559
   4.071
   2.904
    1.25
 -0.6225
  -2.407
  -3.813
  -4.612
  -4.677
  -4.002
  -2.699
 -0.9834
  0.8658
   2.551
   3.803
   4.424
   4.319
   3.507
   2.121
  0.3829
   -1.43
  -3.026
  -4.151
  -4.622
   -4.36
  -3.403
  -1.901
-0.09276
    1.73
   3.273
   4.283
   4.595
   4.157
    3.04
   1.427
 -0.4152
  -2.184
  -3.588
  -4.396
  -4.477
  -3.818
  -2.528
 -0.8158
    1.04
   2.742
   4.017
   4.663
   4.578
   3.779
   2.393
  0.6431
  -1.191
  -2.815
  -3.969
  -4.465
  -4.223
  -3.278
  -1.782
 0.02467
   1.848
   3.392
   4.401
   4.711
   4.268
   3.144
   1.522
 -0.3357
  -2.126
  -3.561
  -4.409
   -4.54
  -3.936
  -2.701
  -1.038
  0.7816
   2.463
   3.737
   4.398
   4.339
   3.568
   2.207
  0.4703
  -1.365
  -3.005
  -4.185
  -4.712
  -4.499
  -3.575
  -2.087
 -0.2749
   1.566
   3.135
   4.174
   4.511
   4.091
   2.984
   1.372
 -0.4796
  -2.267
  -3.697
   -4.54
  -4.661
  -4.042
  -2.787
  -1.099
  0.7516
   2.469
   3.783
   4.486
    4.47
   3.739
   2.413
  0.7041
  -1.114
  -2.748
  -3.934
  -4.476
  -4.284
  -3.382
  -1.915
 -0.1161
   1.722
     3.3
   4.358
   4.724
   4.337
   3.261
   1.672
 -0.1685
   -1.96
  -3.411
  -4.286
  -4.447
  -3.871
  -2.653
 -0.9917
  0.8429
   2.556
   3.872
   4.579
   4.563
   3.825
   2.481
  0.7426
  -1.112
  -2.787
  -4.011
  -4.587
   -4.42
  -3.535
  -2.075
 -0.2793
    1.56
   3.141
   4.205
   4.578
   4.199
   3.131
   1.551
 -0.2851
  -2.078
   -3.54
  -4.436
  -4.627
  -4.086
  -2.903
   -1.27
  0.5492
   2.264
   3.601
   4.345
   4.375
   3.685
   2.383
  0.6764
  -1.162
  -2.835
  -4.069
  -4.659
  -4.506
   -3.63
   -2.17
 -0.3619
   1.498
   3.107
     4.2
     4.6
   4.243
   3.191
   1.617
  -0.218
  -2.015
  -3.483
  -4.386
  -4.581
   -4.04
  -2.852
  -1.208
  0.6286
   2.366
   3.729
   4.502
   4.561
   3.897
   2.617
  0.9236
 -0.9102
  -2.588
  -3.837
  -4.452
   -4.33
  -3.486
  -2.056
  -0.273
   1.573
    3.18
   4.285
   4.708
   4.379
   3.356
   1.805
 -0.0193
  -1.821
  -3.309
  -4.245
   -4.48
   -3.98
  -2.827
  -1.208
  0.6171
   2.354
   3.724
   4.503
   4.566
   3.896
   2.598
  0.8772
 -0.9914
  -2.707
  -3.992
  -4.637
  -4.536
  -3.707
  -2.286
 -0.5052
   1.342
   2.953
   4.065
   4.497
   4.182
   3.174
   1.638
 -0.1746
  -1.972
  -3.466
  -4.419
   -4.68
  -4.212
  -3.089
  -1.491
  0.3254
   2.072
   3.469
   4.292
   4.407
   3.792
   2.545
  0.8637
 -0.9782
   -2.68
  -3.962
  -4.609
  -4.512
   -3.68
  -2.249
 -0.4485
   1.427
   3.071
   4.219
   4.686
   4.399
   3.412
   1.888
 0.07844
  -1.723
  -3.226
   -4.19
  -4.462
      -4
  -2.879
  -1.279
  0.5465
   2.306
   3.718
   4.556
   4.685
   4.081
   2.839
   1.156
 -0.6976
  -2.421
  -3.734
  -4.423
  -4.374
  -3.596
  -2.217
 -0.4643
   1.374
   2.996
   4.136
   4.608
   4.335
   3.364
   1.851
 0.04131
  -1.774
  -3.306
  -4.309
  -4.626
  -4.206
   -3.12
   -1.54
  0.2799
   2.046
   3.474
    4.33
   4.473
   3.875
    2.63
   0.936
 -0.9329
  -2.673
  -3.999
  -4.695
  -4.646
  -3.861
  -2.468
 -0.6965
   1.165
   2.813
   3.984
   4.491
   4.257
   3.326
   1.851
 0.07445
  -1.718
  -3.239
  -4.245
  -4.576
  -4.178
  -3.112
  -1.548
  0.2677
   2.045
   3.498
   4.393
   4.582
    4.03
   2.825
    1.16
 -0.6929
  -2.431
  -3.767
   -4.48
  -4.451
  -3.682
  -2.301
 -0.5322
   1.334
   2.994
   4.179
   4.699
   4.474
   3.544
   2.061
  0.2665
  -1.551
  -3.102
  -4.139
  -4.498
  -4.123
  -3.074
  -1.518
  0.2955
   2.076
   3.537
   4.441
   4.639
   4.096
   2.897
   1.233
 -0.6252
  -2.377
  -3.735
   -4.48
  -4.491
  -3.768
  -2.431
  -0.701
   1.138
   2.786
   3.975
   4.514
   4.317
   3.417
    1.96
  0.1794
  -1.639
  -3.206
   -4.27
  -4.661
  -4.316
  -3.287
  -1.739
 0.08028
   1.878
   3.363
   4.291
   4.508
   3.976
   2.778
   1.109
 -0.7607
  -2.524
  -3.893
  -4.644
  -4.655
  -3.927
   -2.58
  -0.835
   1.023
   2.696
   3.915
    4.49
   4.332
   3.473
   2.054
  0.3056
  -1.492
   -3.05
  -4.119
  -4.525
  -4.201
  -3.195
  -1.664
  0.1499
   1.956
   3.462
   4.423
   4.681
   4.191
    3.03
   1.388
 -0.4665
  -2.229
  -3.609
  -4.379
  -4.414
  -3.708
  -2.378
 -0.6435
   1.213
   2.891
   4.119
   4.701
   4.546
    3.68
   2.244
  0.4674
  -1.367
  -2.967
  -4.078
  -4.525
  -4.235
  -3.256
  -1.744
 0.05706
   1.855
   3.358
   4.318
   4.576
   4.087
   2.927
   1.283
 -0.5783
  -2.354
  -3.756
  -4.558
  -4.633
  -3.971
  -2.686
 -0.9875
  0.8461
   2.518
   3.759
   4.371
   4.256
   3.434
   2.037
  0.2882
  -1.532
  -3.131
  -4.251
  -4.709
  -4.427
  -3.446
   -1.92
-0.09132
   1.744
    3.29
   4.292
   4.587
   4.127
   2.987
   1.354
 -0.5009
  -2.274
  -3.673
  -4.472
  -4.541
  -3.871
  -2.574
 -0.8613
  0.9908
   2.685
   3.954
   4.597
   4.515
   3.726
   2.357
  0.6271
  -1.186
  -2.793
  -3.935
  -4.427
  -4.187
  -3.249
  -1.762
 0.03612
   1.853
   3.393
   4.401
   4.709
   4.265
   3.138
   1.512
 -0.3489
   -2.14
  -3.569
  -4.404
  -4.514
  -3.882
  -2.617
 -0.9248
  0.9173
   2.612
   3.886
   4.536
   4.458
   3.664
   2.281
  0.5283
  -1.315
  -2.955
  -4.129
  -4.648
  -4.426
  -3.499
  -2.014
 -0.2111
   1.616
    3.17
   4.196
   4.526
   4.105
   3.003
     1.4
 -0.4412
  -2.221
  -3.649
  -4.496
  -4.627
  -4.025
  -2.789
   -1.12
  0.7112
   2.412
    3.71
   4.398
   4.367
   3.622
    2.28
  0.5558
  -1.274
  -2.914
  -4.098
   -4.63
   -4.42
  -3.495
  -2.002
  -0.181
   1.673
   3.258
   4.313
   4.668
   4.264
   3.171
   1.568
 -0.2787
  -2.067
  -3.507
  -4.365
  -4.506
  -3.911
  -2.678
  -1.009
  0.8292
   2.543
    3.86
   4.572
   4.567
   3.848
   2.527
  0.8169
   -1.01
  -2.661
  -3.868
  -4.435
  -4.266
  -3.385
  -1.933
 -0.1443
   1.688
   3.263
   4.322
   4.689
   4.301
   3.223
   1.629
  -0.221
  -2.025
  -3.493
  -4.388
  -4.569
  -4.012
   -2.81
   -1.16
  0.6705
   2.387
   3.713
   4.435
   4.436
   3.713
   2.379
   0.646
   -1.21
  -2.892
  -4.128
  -4.718
  -4.564
   -3.69
  -2.238
 -0.4423
   1.402
   2.995
   4.077
   4.471
   4.117
   3.074
   1.516
 -0.3018
  -2.082
  -3.537
  -4.433
  -4.626
  -4.088
  -2.906
  -1.268
  0.5631
   2.297
   3.657
   4.428
   4.484
   3.817
   2.532
  0.8341
  -1.002
  -2.677
  -3.917
  -4.514
  -4.366
  -3.492
  -2.031
 -0.2192
   1.648
   3.266
   4.371
   4.784
   4.439
   3.396
   1.829
-0.005274
  -1.809
  -3.292
  -4.218
  -4.442
  -3.932
  -2.775
  -1.158
  0.6597
   2.386
   3.745
   4.518
   4.581
   3.919
   2.636
  0.9336
 -0.9161
  -2.616
  -3.891
  -4.534
  -4.437
  -3.617
  -2.207
 -0.4372
     1.4
   3.003
   4.108
   4.532
   4.207
   3.186
   1.636
 -0.1913
  -1.999
  -3.497
  -4.446
  -4.694
  -4.205
  -3.058
  -1.438
  0.3954
   2.149
   3.543
   4.351
   4.443
   3.802
    2.53
  0.8284
  -1.026
  -2.734
  -4.015
  -4.658
  -4.558
  -3.728
  -2.302
 -0.5139
   1.346
   2.975
   4.111
   4.571
   4.286
   3.306
   1.796
 0.002816
  -1.783
  -3.274
   -4.23
  -4.501
  -4.042
  -2.927
  -1.334
  0.4849
   2.239
   3.648
   4.484
   4.609
   4.001
   2.752
   1.064
 -0.7921
  -2.513
  -3.817
  -4.487
  -4.411
    -3.6
  -2.185
  -0.399
   1.466
   3.105
    4.25
   4.717
   4.434
   3.448
   1.924
  0.1087
  -1.705
  -3.228
  -4.218
  -4.521
  -4.091
  -2.999
  -1.421
  0.3892
   2.143
   3.558
   4.405
   4.546
   3.953
   2.718
   1.038
  -0.817
  -2.547
   -3.87
  -4.569
  -4.531
  -3.761
  -2.386
 -0.6331
   1.211
   2.843
   3.997
   4.485
   4.231
   3.276
   1.777
-0.02329
  -1.836
  -3.369
  -4.378
  -4.702
  -4.289
  -3.204
  -1.619
   0.212
   1.997
   3.448
   4.331
   4.501
   3.928
   2.704
   1.025
 -0.8339
   -2.57
  -3.897
  -4.598
  -4.556
  -3.779
  -2.393
 -0.6252
   1.237
   2.893
   4.078
   4.603
    4.39
    3.48
   2.023
  0.2563
  -1.534
  -3.061
  -4.079
  -4.427
  -4.045
  -2.994
  -1.438
  0.3753
   2.156
   3.616
   4.519
   4.713
   4.164
   2.955
    1.28
 -0.5877
  -2.345
  -3.703
  -4.439
  -4.432
  -3.686
  -2.324
  -0.571
   1.284
   2.937
    4.12
   4.643
   4.423
   3.498
   2.017
  0.2187
   -1.61
  -3.179
  -4.241
  -4.629
  -4.283
   -3.26
  -1.724
 0.07907
   1.857
   3.324
   4.238
    4.45
   3.921
   2.733
   1.079
  -0.775
  -2.525
  -3.886
  -4.635
  -4.649
  -3.927
  -2.589
 -0.8526
  0.9983
   2.664
   3.877
   4.442
   4.273
     3.4
   1.965
   0.201
  -1.608
   -3.17
  -4.234
  -4.626
   -4.28
  -3.247
  -1.689
  0.1468
   1.966
   3.476
   4.432
   4.676
   4.168
   2.991
   1.336
 -0.5246
  -2.286
  -3.659
   -4.42
  -4.445
  -3.734
  -2.404
  -0.675
   1.173
    2.84
   4.061
   4.642
   4.493
   3.641
   2.225
  0.4716
  -1.339
  -2.919
  -4.015
  -4.453
  -4.159
  -3.179
  -1.668
  0.1311
   1.928
    3.43
   4.388
   4.642
   4.146
   2.975
    1.32
 -0.5521
  -2.334
  -3.736
  -4.528
  -4.585
  -3.899
  -2.586
 -0.8622
  0.9897
    2.67
   3.907
   4.505
   4.368
   3.522
   2.103
  0.3382
  -1.491
  -3.093
  -4.213
   -4.67
  -4.391
  -3.419
  -1.908
 -0.1013
    1.71
   3.232
   4.216
   4.501
   4.038
   2.903
    1.28
 -0.5642
  -2.328
  -3.723
  -4.522
  -4.596
  -3.935
  -2.647
 -0.9432
   0.901
   2.589
    3.85
   4.484
   4.392
   3.589
   2.205
  0.4621
   -1.36
  -2.968
  -4.101
  -4.574
  -4.305
  -3.334
  -1.812
 0.01689
   1.858
   3.411
   4.424
    4.73
    4.28
   3.147
   1.518
 -0.3391
  -2.119
  -3.533
  -4.351
  -4.444
  -3.801
   -2.53
 -0.8399
  0.9958
   2.682
    3.95
   4.598
   4.525
   3.743
   2.377
  0.6448
  -1.179
  -2.804
  -3.968
  -4.484
  -4.266
  -3.346
  -1.871
-0.07977
   1.736
   3.279
   4.291
   4.605
   4.163
   3.037
   1.408
 -0.4591
  -2.259
  -3.701
  -4.551
  -4.675
  -4.058
  -2.804
  -1.118
  0.7248
   2.428
   3.718
    4.39
   4.336
   3.566
   2.204
  0.4656
   -1.37
  -3.009
  -4.188
  -4.714
  -4.499
  -3.576
  -2.091
 -0.2828
   1.557
   3.129
   4.177
   4.532
   4.138
   3.061
    1.48
 -0.3433
   -2.11
  -3.532
  -4.378
  -4.511
  -3.911
  -2.675
  -1.003
  0.8369
   2.552
   3.869
   4.579
   4.567
   3.837
   2.504
  0.7807
  -1.056
   -2.71
  -3.912
  -4.464
  -4.272
  -3.363
  -1.883
-0.06939
    1.78
   3.363
    4.42
   4.776
   4.374
   3.281
   1.675
 -0.1797
  -1.983
  -3.444
  -4.331
  -4.505
  -3.945
  -2.747
  -1.107
  0.7088
   2.409
   3.721
   4.434
   4.435
   3.719
     2.4
  0.6847
  -1.154
   -2.82
  -4.046
  -4.632
  -4.479
  -3.609
  -2.162
 -0.3728
   1.466
   3.053
   4.126
   4.509
   4.138
   3.074
   1.493
 -0.3468
  -2.145
   -3.61
  -4.506
  -4.689
  -4.133
  -2.929
  -1.271
  0.5749
   2.314
   3.669
   4.425
   4.462
   3.773
   2.468
  0.7574
  -1.084
  -2.759
  -3.994
  -4.586
  -4.437
  -3.567
  -2.116
 -0.3196
   1.531
   3.134
   4.229
   4.639
   4.301
   3.273
   1.726
 -0.0861
  -1.868
  -3.333
  -4.244
  -4.457
  -3.939
  -2.775
  -1.151
  0.6729
   2.405
   3.769
   4.544
   4.604
   3.936
   2.644
  0.9326
 -0.9234
  -2.624
   -3.89
  -4.515
  -4.393
  -3.542
  -2.099
 -0.3011
   1.558
   3.172
   4.277
   4.693
   4.355
   3.319
   1.757
-0.07594
  -1.885
  -3.379
  -4.323
  -4.569
  -4.083
  -2.947
  -1.345
  0.4653
   2.193
   3.563
   4.352
   4.434
    3.79
   2.521
  0.8272
   -1.02
  -2.721
  -4.001
  -4.649
  -4.557
  -3.738
  -2.324
 -0.5465
   1.304
   2.923
   4.047
   4.492
   4.187
   3.185
   1.651
 -0.1656
  -1.969
  -3.467
   -4.42
  -4.676
  -4.194
  -3.051
  -1.429
  0.4136
   2.184
   3.599
   4.433
   4.551
   3.935
   2.682
  0.9945
 -0.8535
   -2.56
  -3.846
  -4.499
   -4.41
  -3.592
  -2.178
 -0.3968
    1.46
   3.091
   4.233
   4.703
   4.429
   3.461
   1.959
  0.1666
  -1.625
   -3.13
  -4.106
    -4.4
  -3.965
  -2.871
  -1.293
  0.5181
    2.27
   3.681
    4.52
   4.648
   4.037
    2.78
   1.078
 -0.7981
  -2.543
  -3.872
  -4.569
  -4.518
   -3.73
  -2.335
 -0.5639
   1.291
   2.926
   4.072
   4.546
   4.273
   3.299
   1.784
-0.02586
  -1.841
  -3.371
  -4.375
  -4.695
  -4.283
  -3.207
  -1.637
  0.1736
   1.937
   3.369
   4.239
   4.405
   3.837
   2.624
  0.9619
 -0.8806
  -2.602
  -3.919
  -4.614
   -4.57
  -3.793
  -2.407
 -0.6395
   1.223
   2.878
   4.059
   4.576
   4.349
    3.42
   1.941
  0.1548
  -1.651
  -3.185
    -4.2
  -4.534
   -4.13
  -3.052
   -1.47
  0.3651
   2.159
   3.624
   4.522
   4.707
   4.147
    2.93
   1.254
 -0.6099
  -2.357
  -3.702
  -4.425
   -4.41
   -3.66
  -2.302
 -0.5583
   1.284
   2.926
   4.102
   4.624
   4.411
     3.5
   2.039
  0.2637
  -1.543
  -3.093
   -4.14
  -4.517
  -4.164
  -3.135
  -1.595
   0.211
   1.991
   3.456
   4.366
   4.567
   4.021
   2.813
   1.135
   -0.74
  -2.507
  -3.876
  -4.623
  -4.627
  -3.889
  -2.533
 -0.7804
    1.08
   2.745
   3.948
   4.495
   4.304
   3.408
   1.954
  0.1769
  -1.638
  -3.201
  -4.265
  -4.658
  -4.318
  -3.299
  -1.762
 0.04867
   1.842
   3.328
   4.267
   4.504
   3.998
    2.83
    1.19
 -0.6548
  -2.401
  -3.762
  -4.513
  -4.532
  -3.815
  -2.479
 -0.7416
   1.115
    2.79
   4.016
   4.596
   4.442
   3.581
   2.152
  0.3877
   -1.43
  -3.008
  -4.092
