 -0.7392
  -2.446
  -3.763
  -4.492
  -4.518
  -3.827
  -2.505
 -0.7286
   1.258
   3.179
   4.765
   5.791
   6.103
   5.649
   4.475
   2.728
  0.6339
  -1.537
  -3.502
  -5.008
  -5.865
  -5.971
  -5.327
  -4.036
  -2.289
 -0.3343
    1.55
   3.102
   4.107
   4.431
   4.036
   2.988
   1.445
 -0.3625
  -2.168
  -3.701
   -4.73
  -5.093
  -4.721
  -3.646
      -2
 0.002244
   2.097
   4.003
   5.464
   6.279
   6.337
   5.625
   4.237
   2.356
  0.2291
  -1.862
  -3.644
  -4.888
   -5.44
  -5.243
  -4.344
  -2.885
  -1.085
    0.79
   2.467
   3.703
   4.319
   4.224
    3.43
   2.048
  0.2739
  -1.638
  -3.413
  -4.791
  -5.568
  -5.618
  -4.916
  -3.542
  -1.667
  0.4686
   2.586
   4.407
   5.696
   6.285
   6.104
   5.185
   3.659
    1.74
 -0.3085
  -2.207
  -3.702
  -4.594
  -4.775
  -4.234
  -3.062
  -1.442
  0.3848
   2.145
   3.577
   4.463
   4.666
   4.141
   2.951
    1.25
 -0.7322
  -2.724
   -4.45
  -5.667
    -6.2
  -5.966
  -4.985
  -3.379
  -1.353
  0.8298
   2.886
   4.549
    5.61
   5.939
   5.508
   4.394
   2.763
  0.8536
  -1.062
  -2.714
   -3.87
  -4.373
  -4.158
  -3.263
  -1.823
-0.05063
   1.792
   3.432
   4.623
   5.181
   5.009
   4.113
   2.598
  0.6577
  -1.453
  -3.453
  -5.076
  -6.102
  -6.393
  -5.908
  -4.712
  -2.964
  -0.897
   1.213
   3.089
   4.485
   5.226
   5.227
   4.507
   3.184
    1.46
   -0.41
  -2.151
  -3.508
  -4.282
  -4.357
  -3.718
  -2.452
 -0.7329
   1.195
   3.059
    4.59
   5.563
    5.83
   5.336
   4.133
   2.369
  0.2681
  -1.896
  -3.843
  -5.318
  -6.134
   -6.19
  -5.489
  -4.137
  -2.325
  -0.307
   1.639
   3.249
   4.307
   4.677
   4.322
   3.306
   1.787
-0.004492
  -1.802
  -3.336
  -4.375
  -4.758
  -4.414
  -3.376
  -1.777
  0.1715
   2.206
   4.046
   5.438
   6.184
   6.175
   5.401
   3.958
   2.031
 -0.1306
  -2.245
  -4.037
  -5.279
  -5.818
  -5.597
  -4.665
  -3.165
  -1.319
  0.6069
   2.338
   3.629
     4.3
   4.261
   3.521
    2.19
  0.4654
  -1.402
  -3.138
  -4.484
  -5.237
  -5.272
  -4.567
    -3.2
  -1.343
  0.7618
   2.838
   4.609
    5.84
   6.367
    6.12
   5.135
   3.545
   1.565
 -0.5373
  -2.483
  -4.016
  -4.938
   -5.14
   -4.61
  -3.442
  -1.816
 0.02366
   1.805
   3.266
   4.189
   4.434
    3.96
   2.825
   1.184
 -0.7347
  -2.662
  -4.323
  -5.479
  -5.957
  -5.674
  -4.655
  -3.022
 -0.9817
   1.202
   3.247
   4.887
   5.913
   6.198
   5.717
   4.546
   2.857
  0.8868
  -1.089
  -2.798
   -4.01
  -4.564
  -4.396
  -3.541
  -2.136
 -0.3911
   1.432
   3.061
   4.251
   4.819
   4.667
   3.801
   2.327
  0.4375
  -1.615
  -3.551
  -5.106
  -6.063
  -6.286
  -5.737
  -4.483
  -2.686
 -0.5792
   1.561
   3.455
   4.859
   5.598
   5.588
   4.848
   3.498
    1.74
 -0.1696
  -1.955
   -3.36
  -4.187
  -4.317
  -3.735
  -2.526
 -0.8642
    1.01
   2.823
    4.31
   5.248
   5.488
    4.98
   3.774
   2.019
-0.05972
  -2.191
  -4.093
  -5.517
  -6.275
  -6.269
  -5.504
  -4.088
  -2.215
 -0.1398
   1.859
   3.515
   4.612
   5.014
   4.684
   3.684
   2.174
  0.3812
  -1.426
   -2.98
  -4.048
  -4.469
  -4.172
  -3.189
  -1.652
  0.2306
   2.196
   3.968
   5.293
   5.979
   5.916
   5.098
   3.623
   1.674
 -0.4955
  -2.606
  -4.383
  -5.601
  -6.106
  -5.844
  -4.864
  -3.314
  -1.414
  0.5671
   2.354
   3.701
   4.427
   4.439
   3.748
   2.462
  0.7752
  -1.061
  -2.775
  -4.109
  -4.861
  -4.906
  -4.223
   -2.89
  -1.077
  0.9757
   2.992
     4.7
   5.864
   6.325
   6.014
    4.97
   3.327
   1.302
 -0.8387
  -2.814
  -4.367
  -5.301
  -5.506
  -4.971
   -3.79
  -2.143
 -0.2744
   1.544
   3.047
    4.02
   4.321
   3.907
   2.835
   1.258
 -0.5976
  -2.465
  -4.073
  -5.184
  -5.626
  -5.321
   -4.29
  -2.659
 -0.6325
   1.526
   3.534
    5.13
   6.104
   6.333
   5.792
   4.561
   2.811
  0.7825
  -1.249
  -3.011
   -4.27
  -4.866
  -4.733
  -3.907
  -2.521
 -0.7866
   1.036
   2.676
   3.887
   4.487
   4.379
   3.565
    2.15
  0.3253
  -1.659
  -3.527
  -5.015
  -5.909
  -6.077
  -5.481
  -4.189
  -2.364
 -0.2402
   1.906
   3.797
   5.189
   5.908
    5.87
   5.095
   3.705
   1.901
-0.05759
  -1.896
  -3.358
  -4.242
   -4.43
  -3.905
  -2.749
  -1.136
  0.6958
   2.476
    3.94
   4.866
   5.107
   4.611
    3.43
   1.711
 -0.3224
    -2.4
  -4.245
  -5.606
  -6.301
  -6.232
  -5.407
  -3.934
  -2.009
  0.1125
   2.151
    3.84
   4.962
   5.382
    5.06
    4.06
   2.539
  0.7274
  -1.109
  -2.702
  -3.818
  -4.295
   -4.06
  -3.144
  -1.674
  0.1405
   2.041
   3.755
    5.03
   5.674
   5.582
   4.746
   3.265
   1.322
 -0.8308
  -2.915
  -4.657
  -5.833
   -6.29
  -5.976
  -4.942
  -3.335
  -1.377
  0.6613
   2.504
   3.905
   4.681
   4.739
   4.086
   2.831
   1.165
  -0.661
  -2.376
  -3.723
  -4.499
   -4.58
  -3.942
  -2.662
 -0.9095
   1.079
   3.031
   4.673
   5.776
    6.18
   5.818
    4.73
   3.051
  0.9982
  -1.162
  -3.148
  -4.703
  -5.632
  -5.823
  -5.267
  -4.056
  -2.371
 -0.4579
   1.411
   2.972
   4.006
   4.371
    4.02
    3.01
   1.491
 -0.3139
  -2.139
  -3.715
  -4.805
   -5.24
  -4.938
  -3.924
   -2.32
 -0.3307
   1.782
   3.739
   5.278
   6.194
   6.362
   5.761
   4.471
   2.664
   0.582
  -1.498
  -3.304
    -4.6
  -5.225
  -5.112
  -4.296
   -2.91
  -1.164
  0.6818
   2.355
   3.612
   4.265
   4.216
   3.467
    2.12
  0.3628
  -1.557
  -3.365
    -4.8
   -5.65
  -5.783
  -5.162
  -3.855
  -2.025
 0.09338
   2.226
   4.095
   5.458
   6.141
   6.061
   5.239
   3.797
   1.938
 -0.0794
  -1.978
  -3.499
  -4.441
  -4.683
  -4.207
  -3.092
   -1.51
  0.3011
   2.072
   3.539
   4.481
   4.748
    4.29
   3.154
   1.488
 -0.4883
  -2.506
  -4.289
   -5.59
  -6.225
  -6.101
  -5.225
  -3.707
  -1.743
   0.411
   2.475
    4.18
   5.311
    5.73
   5.397
   4.376
   2.824
  0.9713
 -0.9152
  -2.565
  -3.745
  -4.288
  -4.121
  -3.272
  -1.865
 -0.1064
   1.747
   3.422
    4.67
   5.299
   5.203
   4.375
   2.911
  0.9954
  -1.122
  -3.164
  -4.859
  -5.982
  -6.384
  -6.012
  -4.918
  -3.251
  -1.235
  0.8593
   2.754
   4.201
   5.017
   5.105
   4.472
   3.225
   1.556
 -0.2847
  -2.026
  -3.411
  -4.233
  -4.369
  -3.791
  -2.574
 -0.8845
   1.042
   2.934
   4.523
   5.578
    5.94
   5.545
   4.431
   2.734
  0.6716
   -1.49
  -3.469
  -5.009
  -5.914
  -6.073
  -5.477
  -4.219
  -2.481
 -0.5078
   1.425
    3.05
   4.149
   4.575
   4.282
   3.321
   1.843
 0.06754
   -1.74
   -3.31
  -4.406
  -4.857
  -4.584
  -3.606
  -2.046
 -0.1073
   1.951
    3.85
   5.331
   6.187
   6.297
   5.639
   4.294
   2.438
  0.3123
  -1.805
   -3.64
  -4.955
   -5.59
  -5.475
  -4.645
  -3.233
  -1.451
  0.4413
    2.17
   3.488
   4.207
   4.226
   3.543
   2.259
  0.5595
   -1.31
  -3.076
  -4.478
  -5.306
  -5.425
  -4.801
    -3.5
  -1.684
  0.4119
   2.515
   4.347
   5.667
     6.3
   6.166
   5.286
   3.783
   1.862
 -0.2171
  -2.174
  -3.751
   -4.74
  -5.023
  -4.576
  -3.479
  -1.904
-0.08755
   1.701
   3.196
   4.175
   4.489
   4.082
   3.002
   1.394
 -0.5233
  -2.483
   -4.21
  -5.458
  -6.045
  -5.877
  -4.963
  -3.413
  -1.425
  0.7457
   2.816
    4.52
   5.638
   6.033
   5.665
   4.601
   2.996
   1.083
 -0.8689
  -2.587
  -3.835
  -4.445
   -4.34
  -3.545
  -2.185
 -0.4628
   1.365
   3.026
   4.271
   4.908
   4.829
   4.028
   2.598
  0.7241
  -1.347
  -3.337
  -4.976
  -6.041
  -6.382
   -5.95
  -4.797
  -3.073
  -1.004
   1.137
    3.07
   4.547
    5.38
   5.474
   4.836
   3.571
   1.872
-0.009151
  -1.799
   -3.24
  -4.122
  -4.321
  -3.805
  -2.648
  -1.016
  0.8591
   2.706
   4.255
   5.278
   5.616
   5.204
   4.081
   2.383
  0.3286
  -1.816
   -3.77
  -5.277
   -6.14
  -6.249
  -5.596
  -4.276
  -2.472
 -0.4325
   1.565
   3.253
   4.408
   4.882
   4.627
   3.694
   2.232
  0.4606
  -1.354
  -2.942
  -4.066
  -4.553
  -4.322
  -3.393
  -1.886
-0.002049
   1.999
   3.841
   5.264
   6.064
   6.121
   5.414
   4.026
   2.133
 -0.0211
  -2.157
  -3.999
   -5.31
  -5.927
  -5.784
  -4.914
  -3.452
  -1.612
  0.3446
   2.141
   3.527
   4.312
   4.393
   3.768
   2.533
  0.8735
 -0.9641
  -2.708
  -4.098
  -4.922
  -5.047
  -4.437
  -3.158
  -1.372
  0.6872
   2.746
   4.529
   5.793
   6.367
   6.171
   5.228
   3.662
   1.681
  -0.452
  -2.456
   -4.07
  -5.087
  -5.385
  -4.941
  -3.836
  -2.241
 -0.3934
   1.434
   2.976
   4.007
   4.375
   4.025
   3.003
    1.45
 -0.4126
  -2.321
  -4.001
  -5.206
  -5.755
  -5.557
  -4.619
  -3.054
   -1.06
   1.107
   3.162
    4.84
   5.921
   6.269
   5.847
   4.719
   3.048
   1.065
  -0.956
  -2.741
   -4.05
  -4.714
  -4.653
  -3.893
  -2.557
 -0.8477
  0.9776
   2.646
   3.908
   4.571
   4.525
   3.763
   2.379
  0.5555
  -1.461
  -3.393
  -4.972
  -5.976
  -6.258
  -5.769
  -4.563
  -2.793
 -0.6876
    1.48
    3.43
   4.909
   5.733
   5.805
   5.133
   3.824
   2.074
   0.135
  -1.717
   -3.22
  -4.165
  -4.423
  -3.964
  -2.858
  -1.271
  0.5655
    2.38
   3.906
   4.912
   5.241
   4.828
   3.713
   2.033
 0.003858
  -2.106
  -4.016
  -5.471
  -6.276
  -6.322
  -5.603
  -4.216
  -2.347
 -0.2469
   1.805
   3.539
   4.729
   5.228
   4.986
   4.055
   2.583
  0.7922
  -1.051
  -2.675
  -3.841
  -4.376
  -4.196
  -3.321
  -1.869
-0.04239
   1.902
   3.689
   5.059
    5.81
   5.823
    5.08
   3.665
   1.756
  -0.404
  -2.533
  -4.355
  -5.635
  -6.209
  -6.013
  -5.083
  -3.555
  -1.646
  0.3788
   2.242
    3.69
   4.531
   4.661
   4.075
   2.871
   1.233
 -0.5916
  -2.332
  -3.727
  -4.564
   -4.71
  -4.129
  -2.887
  -1.145
  0.8642
   2.867
    4.59
   5.791
   6.302
   6.043
   5.041
   3.423
   1.397
 -0.7707
  -2.799
  -4.424
  -5.441
  -5.726
  -5.258
   -4.12
  -2.483
 -0.5872
   1.293
    2.89
   3.978
   4.403
   4.109
    3.14
   1.639
 -0.1771
  -2.043
  -3.685
  -4.859
  -5.385
  -5.171
  -4.228
  -2.668
   -0.69
   1.449
   3.467
   5.096
    6.12
   6.405
   5.915
   4.718
   2.978
  0.9306
   -1.15
  -2.986
  -4.338
  -5.034
  -4.996
  -4.248
  -2.912
  -1.195
  0.6474
   2.341
   3.636
   4.338
   4.337
   3.626
   2.296
  0.5307
  -1.425
  -3.296
  -4.816
  -5.762
  -5.992
  -5.458
  -4.216
  -2.421
 -0.3026
   1.866
   3.802
   5.256
   6.044
   6.069
   5.343
   3.975
   2.162
  0.1593
  -1.755
  -3.319
   -4.32
  -4.629
  -4.214
  -3.147
  -1.591
  0.2207
   2.019
   3.535
    4.54
   4.877
   4.482
   3.393
   1.749
 -0.2355
  -2.293
  -4.145
  -5.536
  -6.275
  -6.255
  -5.472
  -4.027
  -2.107
 0.03613
    2.12
   3.875
   5.075
   5.573
   5.318
   4.365
   2.863
   1.036
 -0.8502
  -2.522
   -3.74
  -4.329
  -4.205
  -3.387
  -1.993
 -0.2217
    1.67
   3.406
   4.733
   5.448
   5.435
   4.675
   3.256
   1.355
 -0.7837
   -2.88
  -4.657
  -5.883
  -6.397
  -6.134
  -5.136
   -3.54
  -1.566
  0.5203
   2.438
   3.933
   4.813
   4.972
   4.408
   3.216
   1.582
 -0.2484
  -2.002
  -3.419
  -4.286
  -4.469
  -3.933
  -2.742
  -1.057
  0.8906
    2.83
   4.488
   5.628
    6.08
    5.77
   4.726
   3.075
   1.029
  -1.147
  -3.171
  -4.781
  -5.771
   -6.02
  -5.509
  -4.321
   -2.63
 -0.6785
   1.259
   2.913
   4.057
   4.536
   4.293
   3.372
   1.914
  0.1354
  -1.699
  -3.318
  -4.477
  -4.998
   -4.79
  -3.864
  -2.333
 -0.3935
   1.697
   3.657
   5.223
   6.181
   6.398
   5.842
   4.582
   2.786
  0.6892
  -1.431
  -3.297
  -4.669
  -5.374
  -5.336
  -4.578
  -3.224
  -1.481
  0.3952
   2.129
    3.47
   4.223
   4.279
   3.627
    2.36
  0.6565
  -1.238
  -3.051
  -4.518
   -5.42
  -5.615
  -5.057
  -3.804
   -2.01
 0.09408
   2.236
   4.134
   5.541
   6.273
    6.24
   5.451
   4.019
   2.144
 0.08195
  -1.888
  -3.501
  -4.547
  -4.894
   -4.51
  -3.467
  -1.928
 -0.1248
   1.673
   3.199
   4.223
   4.589
   4.231
   3.189
   1.598
 -0.3263
   -2.32
  -4.106
  -5.432
  -6.109
  -6.033
  -5.202
  -3.716
  -1.767
  0.3934
   2.485
   4.235
   5.421
   5.895
    5.61
   4.619
   3.073
   1.197
 -0.7413
  -2.468
  -3.743
   -4.39
  -4.325
  -3.564
  -2.223
 -0.5023
   1.345
   3.046
   4.346
   5.046
    5.03
    4.28
   2.883
   1.015
  -1.079
  -3.121
  -4.838
  -5.999
  -6.446
  -6.117
  -5.055
  -3.401
  -1.374
  0.7571
   2.712
   4.235
   5.135
   5.306
   4.743
   3.545
   1.896
 0.04292
  -1.743
  -3.199
  -4.113
  -4.351
  -3.874
  -2.747
  -1.127
  0.7557
   2.633
   4.233
   5.322
   5.733
   5.393
    4.33
   2.673
  0.6327
  -1.526
  -3.523
  -5.096
  -6.042
  -6.241
  -5.677
  -4.433
  -2.685
 -0.6765
   1.317
   3.025
    4.22
   4.747
   4.546
   3.662
   2.234
  0.4784
  -1.343
  -2.959
  -4.126
  -4.667
  -4.489
  -3.604
  -2.122
 -0.2407
   1.787
   3.681
   5.181
   6.074
   6.231
   5.621
   4.315
   2.482
  0.3576
   -1.78
  -3.655
  -5.025
   -5.72
  -5.662
  -4.877
  -3.489
  -1.704
  0.2191
   2.007
   3.406
    4.22
    4.34
   3.752
   2.547
  0.9023
 -0.9397
  -2.708
  -4.141
   -5.02
  -5.205
  -4.649
  -3.412
  -1.646
  0.4199
   2.514
   4.359
   5.707
   6.378
   6.282
   5.433
   3.944
   2.014
-0.09699
   -2.11
  -3.761
  -4.837
  -5.207
  -4.839
  -3.802
   -2.26
  -0.445
   1.375
   2.932
   3.998
   4.412
   4.111
   3.131
   1.606
 -0.2521
  -2.181
  -3.906
  -5.177
  -5.807
  -5.694
  -4.835
  -3.334
   -1.38
  0.7758
   2.852
   4.579
   5.734
    6.17
   5.841
   4.802
   3.204
   1.273
 -0.7228
  -2.508
  -3.842
  -4.546
  -4.535
  -3.823
  -2.526
 -0.8393
  0.9837
   2.671
   3.971
   4.682
    4.69
   3.975
   2.624
  0.8102
  -1.224
  -3.202
  -4.854
   -5.95
  -6.336
  -5.951
  -4.838
   -3.14
  -1.077
   1.082
   3.055
    4.59
   5.491
   5.655
   5.076
   3.853
    2.17
  0.2741
  -1.562
  -3.075
  -4.051
  -4.355
  -3.945
  -2.884
  -1.328
  0.4973
   2.325
   3.885
   4.945
   5.339
   4.994
   3.938
   2.299
  0.2866
  -1.836
  -3.789
  -5.314
  -6.207
  -6.352
  -5.731
  -4.431
  -2.628
 -0.5666
   1.478
   3.233
   4.469
   5.032
    4.86
   3.996
   2.578
  0.8215
  -1.011
   -2.65
  -3.852
  -4.436
  -4.311
  -3.485
  -2.067
  -0.251
   1.711
   3.542
   4.984
   5.825
   5.938
   5.291
   3.959
   2.108
-0.02379
  -2.161
  -4.025
  -5.376
  -6.045
  -5.953
  -5.126
   -3.69
  -1.851
  0.1324
   1.983
   3.447
   4.326
   4.508
   3.979
   2.825
   1.224
 -0.5863
  -2.334
  -3.759
  -4.643
  -4.845
  -4.319
   -3.12
  -1.401
  0.6111
   2.648
   4.432
    5.72
   6.331
   6.179
   5.276
   3.738
   1.766
 -0.3829
  -2.426
    -4.1
   -5.19
  -5.565
  -5.192
   -4.14
  -2.573
 -0.7222
   1.143
   2.753
   3.878
   4.357
   4.123
    3.21
   1.749
-0.04847
  -1.924
  -3.603
   -4.84
  -5.444
  -5.316
  -4.453
  -2.957
  -1.017
   1.116
   3.162
   4.852
   5.964
   6.354
   5.973
   4.879
   3.223
   1.234
 -0.8204
  -2.663
  -4.049
  -4.801
  -4.831
  -4.151
  -2.875
  -1.198
  0.6279
   2.331
   3.657
   4.407
   4.462
   3.802
   2.511
  0.7605
  -1.209
  -3.124
  -4.716
  -5.757
  -6.093
  -5.664
  -4.515
  -2.789
 -0.7056
   1.465
   3.441
   4.968
   5.853
   5.991
   5.377
    4.11
   2.374
  0.4194
  -1.481
  -3.061
  -4.106
  -4.476
  -4.129
  -3.125
  -1.616
  0.1715
   1.972
   3.518
   4.576
   4.978
   4.652
   3.625
   2.022
 0.05243
  -2.022
  -3.924
  -5.394
  -6.232
  -6.322
  -5.646
  -4.292
  -2.439
 -0.3302
   1.756
   3.545
   4.809
   5.389
   5.224
   4.356
   2.922
   1.139
 -0.7318
  -2.418
  -3.674
   -4.32
  -4.259
  -3.499
  -2.146
 -0.3917
   1.513
   3.294
   4.693
   5.499
   5.586
   4.922
   3.581
   1.731
 -0.3927
  -2.512
  -4.351
  -5.669
  -6.296
  -6.155
  -5.274
  -3.778
  -1.875
  0.1728
   2.088
   3.613
    4.55
   4.781
   4.292
   3.167
   1.583
 -0.2227
  -1.979
  -3.424
  -4.339
  -4.581
  -4.103
  -2.958
  -1.297
  0.6558
   2.632
   4.358
   5.588
   6.146
   5.944
   4.997
   3.421
   1.417
 -0.7542
  -2.812
   -4.49
  -5.574
  -5.932
  -5.531
  -4.442
  -2.827
 -0.9207
   1.006
   2.682
   3.875
   4.421
   4.251
   3.396
   1.987
  0.2313
  -1.611
  -3.268
  -4.491
  -5.092
   -4.97
  -4.122
  -2.648
 -0.7378
   1.359
   3.363
   5.006
   6.067
   6.401
   5.962
   4.809
   3.095
   1.049
  -1.058
  -2.946
  -4.371
  -5.153
    -5.2
  -4.526
  -3.243
  -1.547
   0.309
   2.053
   3.428
   4.234
    4.35
   3.753
   2.525
  0.8371
  -1.073
  -2.934
  -4.476
  -5.473
  -5.772
  -5.313
  -4.143
  -2.404
 -0.3175
   1.847
   3.807
   5.308
   6.158
    6.25
   5.583
   4.255
   2.455
  0.4318
  -1.536
  -3.183
  -4.289
  -4.713
  -4.411
  -3.441
  -1.955
 -0.1787
   1.623
    3.18
   4.258
   4.691
   4.402
   3.418
   1.863
-0.05443
  -2.075
   -3.92
  -5.334
  -6.116
   -6.15
  -5.423
  -4.021
  -2.126
  0.0177
    2.13
   3.935
   5.204
   5.777
   5.594
   4.696
   3.222
   1.389
 -0.5387
  -2.286
  -3.608
  -4.318
  -4.321
   -3.62
  -2.322
 -0.6157
   1.248
   2.996
    4.37
    5.16
   5.238
   4.574
   3.242
   1.408
 -0.6904
  -2.776
  -4.573
  -5.842
  -6.414
  -6.213
  -5.268
  -3.706
  -1.739
  0.3697
    2.34
   3.913
   4.886
   5.144
   4.668
   3.544
   1.948
  0.1201
   -1.67
  -3.156
  -4.121
  -4.417
  -3.996
  -2.911
   -1.31
  0.5838
   2.503
   4.174
   5.354
   5.866
   5.624
   4.645
   3.044
   1.026
  -1.151
  -3.202
  -4.862
  -5.917
  -6.235
  -5.785
  -4.639
  -2.961
 -0.9883
   1.006
   2.748
   4.002
   4.604
   4.482
   3.667
   2.287
  0.5514
  -1.281
  -2.936
  -4.168
  -4.785
  -4.686
  -3.869
  -2.432
 -0.5646
   1.484
   3.435
   5.022
   6.023
   6.297
   5.799
   4.589
   2.822
  0.7301
  -1.414
   -3.33
   -4.77
  -5.555
  -5.593
  -4.897
  -3.582
  -1.844
 0.06302
   1.863
   3.299
   4.166
   4.344
   3.808
   2.638
   1.003
 -0.8588
  -2.676
  -4.182
  -5.149
  -5.426
  -4.955
  -3.781
  -2.047
 0.02353
   2.161
   4.085
    5.54
   6.335
   6.366
   5.632
   4.236
   2.367
  0.2791
  -1.749
  -3.447
  -4.595
  -5.051
  -4.769
  -3.807
  -2.318
 -0.5278
   1.297
   2.885
   4.002
   4.479
   4.239
   3.308
   1.809
-0.05179
  -2.014
  -3.802
  -5.159
  -5.888
  -5.873
  -5.102
  -3.665
  -1.744
  0.4149
    2.53
   4.328
   5.576
   6.117
   5.892
   4.943
   3.411
   1.517
 -0.4745
  -2.286
  -3.668
  -4.435
  -4.489
  -3.834
  -2.574
 -0.8981
   0.943
   2.676
   4.043
   4.834
   4.921
   4.275
   2.969
    1.17
 -0.8852
  -2.921
  -4.661
  -5.867
  -6.374
  -6.106
  -5.096
  -3.474
  -1.452
  0.7028
   2.709
   4.305
    5.29
   5.546
   5.057
   3.909
   2.279
  0.4085
   -1.43
  -2.971
  -3.992
  -4.347
  -3.985
  -2.959
  -1.415
  0.4238
   2.292
   3.916
   5.056
   5.535
   5.269
   4.274
    2.67
  0.6588
  -1.498
  -3.519
  -5.137
  -6.141
  -6.401
  -5.886
  -4.673
  -2.928
 -0.8907
   1.164
   2.959
   4.259
   4.897
   4.802
   4.004
   2.632
  0.8949
 -0.9469
   -2.62
  -3.877
  -4.526
  -4.465
  -3.692
  -2.306
 -0.4928
   1.498
   3.388
   4.913
   5.853
   6.069
   5.518
   4.262
   2.459
  0.3409
  -1.817
  -3.734
  -5.164
  -5.925
   -5.93
  -5.191
  -3.826
  -2.032
-0.06677
   1.793
   3.289
   4.214
   4.447
   3.963
   2.839
   1.246
 -0.5805
  -2.369
  -3.854
  -4.809
  -5.083
  -4.619
  -3.462
  -1.757
  0.2746
   2.364
   4.231
   5.622
   6.349
   6.311
   5.508
   4.047
    2.12
-0.01897
  -2.088
  -3.816
  -4.982
  -5.444
  -5.158
  -4.181
  -2.669
 -0.8466
   1.016
    2.65
   3.816
   4.346
   4.162
   3.288
   1.848
 0.04625
  -1.859
  -3.592
    -4.9
  -5.586
  -5.536
  -4.741
   -3.29
  -1.367
  0.7812
   2.874
   4.637
   5.841
   6.331
   6.047
   5.037
   3.442
   1.486
 -0.5643
   -2.43
  -3.861
  -4.671
  -4.761
  -4.134
  -2.895
  -1.232
  0.6035
   2.339
   3.717
   4.527
   4.643
   4.034
   2.773
   1.026
 -0.9695
  -2.941
  -4.614
  -5.754
  -6.195
  -5.867
  -4.802
  -3.135
  -1.079
   1.098
   3.115
   4.709
    5.68
   5.912
   5.389
   4.199
   2.521
  0.5981
  -1.296
  -2.894
  -3.973
  -4.386
  -4.081
  -3.108
  -1.615
  0.1782
   2.007
   3.599
   4.715
   5.181
   4.913
   3.929
   2.346
  0.3687
  -1.744
  -3.711
  -5.268
  -6.207
  -6.399
  -5.817
  -4.539
  -2.735
 -0.6447
   1.454
   3.284
    4.61
   5.265
   5.176
   4.375
   2.993
   1.237
 -0.6303
  -2.337
  -3.632
  -4.327
  -4.318
  -3.601
  -2.274
 -0.5224
   1.405
   3.235
   4.702
    5.59
   5.762
   5.176
   3.896
   2.082
-0.03565
   -2.18
  -4.073
  -5.468
  -6.186
  -6.141
  -5.348
  -3.925
  -2.073
-0.04957
   1.867
   3.416
   4.391
   4.669
   4.225
   3.135
   1.569
 -0.2376
  -2.016
  -3.499
  -4.464
  -4.758
  -4.324
  -3.209
  -1.555
   0.418
   2.442
    4.24
   5.561
   6.219
   6.115
   5.255
   3.743
   1.776
  -0.392
  -2.478
  -4.213
  -5.375
  -5.823
  -5.513
  -4.505
  -2.954
  -1.089
  0.8232
   2.509
   3.731
   4.319
   4.194
   3.379
   1.996
  0.2483
  -1.608
    -3.3
  -4.576
  -5.239
  -5.179
  -4.385
  -2.948
  -1.051
    1.06
   3.107
   4.816
   5.961
   6.389
   6.042
    4.97
   3.317
   1.307
 -0.7913
  -2.699
  -4.165
  -5.003
  -5.113
  -4.498
  -3.263
  -1.597
  0.2508
   2.008
   3.415
   4.264
   4.426
   3.871
   2.671
  0.9892
 -0.9397
  -2.844
  -4.453
  -5.533
  -5.921
   -5.55
  -4.454
  -2.766
 -0.7012
   1.473
   3.474
   5.044
   5.982
   6.172
   5.603
   4.362
    2.63
    0.65
  -1.301
  -2.957
  -4.092
  -4.558
  -4.303
  -3.376
  -1.921
 -0.1583
   1.649
    3.23
   4.347
   4.827
   4.584
   3.636
     2.1
   0.179
  -1.871
  -3.771
   -5.26
   -6.13
  -6.258
  -5.617
  -4.287
  -2.438
 -0.3133
   1.811
   3.658
    4.99
   5.643
   5.544
   4.726
   3.317
   1.529
 -0.3791
  -2.132
  -3.479
  -4.231
  -4.282
  -3.627
  -2.362
  -0.671
   1.201
    2.98
   4.406
   5.263
   5.415
   4.821
   3.546
   1.747
 -0.3435
  -2.452
    -4.3
  -5.645
  -6.309
  -6.206
  -5.355
  -3.875
  -1.967
  0.1098
   2.076
    3.67
   4.686
   4.998
    4.58
   3.509
   1.953
   0.146
  -1.643
  -3.149
  -4.146
  -4.483
  -4.102
  -3.047
  -1.459
  0.4442
   2.398
   4.128
   5.385
   5.986
   5.834
