   3.839
   6.457
   7.519
   6.792
   4.478
   1.153
   -2.37
  -5.245
  -6.795
  -6.677
  -4.958
  -2.095
   1.183
   4.062
   5.841
   6.106
   4.829
   2.369
 -0.6259
   -3.38
   -5.19
  -5.605
  -4.531
  -2.261
  0.6067
    3.32
   5.168
    5.66
   4.654
   2.395
 -0.5474
  -3.418
  -5.469
  -6.153
   -5.26
   -2.98
  0.1429
    3.34
   5.808
    6.91
   6.338
   4.192
  0.9663
  -2.574
  -5.571
  -7.288
   -7.29
   -5.55
  -2.465
   1.242
   4.691
   7.061
   7.786
   6.691
   4.039
  0.4626
  -3.188
  -6.047
  -7.448
  -7.076
  -5.045
  -1.866
   1.682
   4.743
   6.591
   6.808
   5.379
    2.69
 -0.5718
  -3.592
  -5.631
  -6.209
  -5.215
  -2.938
 0.01957
    2.89
    4.94
   5.653
   4.861
   2.783
-0.03358
  -2.851
  -4.931
  -5.724
  -5.012
  -2.961
-0.08755
   2.875
   5.161
   6.165
   5.599
    3.57
  0.5584
  -2.698
  -5.384
  -6.813
  -6.598
  -4.753
  -1.696
   1.851
   5.032
   7.069
   7.449
   6.059
   3.211
 -0.4279
  -3.996
  -6.643
  -7.738
  -7.018
  -4.656
  -1.217
   2.478
   5.552
   7.285
    7.28
   5.565
   2.576
 -0.9526
  -4.164
  -6.293
   -6.85
  -5.737
  -3.262
 -0.0643
   3.054
   5.325
   6.205
   5.507
   3.444
  0.5653
   -2.38
  -4.636
  -5.632
  -5.125
   -3.26
 -0.5286
   2.353
   4.631
   5.705
   5.282
   3.454
  0.6755
  -2.348
  -4.837
  -6.139
  -5.892
  -4.122
  -1.242
   2.046
   4.925
   6.664
   6.801
   5.265
   2.395
  -1.133
  -4.473
  -6.811
  -7.566
  -6.535
  -3.942
 -0.3948
   3.269
   6.179
   7.641
   7.306
   5.258
   1.988
  -1.723
  -4.993
  -7.051
  -7.425
  -6.049
   -3.28
  0.1958
   3.534
   5.934
    6.84
   6.066
   3.842
  0.7463
  -2.438
  -4.922
  -6.106
  -5.725
   -3.91
  -1.151
   1.829
   4.265
   5.536
   5.327
   3.705
     1.1
  -1.804
  -4.247
  -5.585
  -5.456
  -3.874
  -1.229
   1.809
   4.462
   6.036
     6.1
   4.603
   1.885
  -1.397
  -4.429
  -6.448
  -6.924
  -5.702
  -3.044
  0.4307
   3.891
   6.498
   7.607
    6.93
   4.607
   1.178
   -2.55
  -5.693
  -7.502
  -7.549
  -5.824
  -2.743
   0.957
   4.396
   6.762
   7.507
   6.479
   3.949
  0.5484
  -2.894
  -5.551
  -6.802
  -6.378
  -4.423
  -1.453
   1.776
   4.461
   5.949
   5.897
   4.355
   1.746
  -1.244
  -3.842
  -5.386
  -5.488
  -4.137
  -1.692
   1.203
   3.788
   5.384
   5.562
   4.256
   1.787
  -1.225
  -4.007
  -5.834
  -6.213
  -5.011
  -2.493
  0.7355
    3.88
    6.15
   6.956
   6.063
   3.651
  0.2767
  -3.256
  -6.091
  -7.532
  -7.211
   -5.18
  -1.908
   1.839
   5.171
   7.297
   7.712
    6.32
   3.455
 -0.1953
  -3.763
  -6.404
  -7.503
  -6.821
  -4.548
  -1.251
   2.261
   5.145
   6.721
   6.639
   4.962
   2.137
  -1.114
  -3.978
  -5.756
  -6.031
  -4.771
  -2.329
  0.6494
   3.393
     5.2
   5.615
   4.545
    2.28
 -0.5852
  -3.299
  -5.148
  -5.641
  -4.632
  -2.365
  0.5912
    3.48
   5.551
   6.251
   5.367
   3.084
-0.05439
  -3.279
  -5.781
  -6.918
  -6.374
  -4.243
  -1.015
   2.547
    5.58
   7.341
   7.385
   5.678
   2.608
  -1.105
  -4.583
  -6.998
  -7.776
  -6.734
  -4.124
 -0.5701
   3.079
   5.958
   7.393
   7.063
   5.072
   1.922
  -1.614
  -4.681
  -6.553
  -6.806
  -5.417
  -2.764
  0.4706
   3.477
   5.517
   6.106
   5.132
   2.875
-0.06403
  -2.923
  -4.968
  -5.682
  -4.894
  -2.819
-0.00386
   2.816
   4.901
   5.701
   4.992
    2.94
 0.05946
  -2.917
  -5.219
  -6.239
  -5.682
  -3.653
 -0.6292
   2.651
   5.371
   6.837
   6.654
    4.83
   1.776
  -1.784
  -4.995
   -7.07
  -7.493
  -6.137
  -3.308
  0.3316
   3.921
   6.608
   7.751
   7.082
   4.762
    1.35
  -2.339
  -5.429
  -7.192
  -7.228
  -5.553
  -2.595
  0.9168
   4.129
   6.275
   6.862
   5.783
   3.341
   0.167
  -2.939
  -5.211
  -6.103
  -5.424
  -3.381
 -0.5211
   2.411
   4.661
   5.656
    5.15
   3.285
  0.5513
  -2.337
  -4.626
  -5.711
  -5.296
  -3.471
  -0.688
   2.347
   4.854
   6.174
    5.94
   4.174
   1.285
  -2.026
  -4.938
  -6.715
  -6.888
  -5.378
  -2.519
   1.018
   4.384
   6.761
   7.561
   6.569
   4.005
  0.4655
  -3.212
  -6.153
  -7.659
  -7.374
   -5.37
  -2.129
   1.572
   4.852
   6.939
   7.352
   6.019
   3.288
  -0.164
  -3.494
  -5.903
   -6.83
  -6.086
  -3.891
 -0.8197
   2.351
   4.833
   6.026
   5.661
   3.866
   1.126
   -1.84
  -4.266
  -5.532
   -5.32
  -3.695
  -1.084
   1.829
   4.284
   5.633
   5.513
   3.933
   1.283
   -1.77
  -4.442
  -6.037
  -6.119
  -4.628
  -1.904
   1.398
   4.464
   6.522
   7.035
   5.842
   3.196
 -0.2856
  -3.773
  -6.421
   -7.58
  -6.951
  -4.664
  -1.251
   2.482
   5.651
   7.503
   7.598
   5.919
   2.871
 -0.8149
  -4.262
  -6.656
  -7.443
  -6.462
  -3.976
 -0.6081
   2.818
   5.478
   6.746
    6.35
   4.426
   1.484
  -1.727
  -4.406
  -5.899
  -5.861
  -4.339
   -1.75
   1.223
   3.808
   5.344
   5.442
   4.087
   1.638
  -1.263
  -3.857
  -5.461
  -5.644
  -4.338
   -1.86
   1.168
   3.971
   5.821
   6.218
   5.025
   2.504
 -0.7427
  -3.917
  -6.223
  -7.066
    -6.2
  -3.799
 -0.4164
   3.144
   6.024
   7.518
   7.248
   5.258
   2.007
   -1.74
  -5.095
  -7.261
  -7.725
  -6.379
   -3.55
 0.08507
   3.659
   6.328
    7.47
   6.838
   4.612
   1.352
  -2.142
  -5.026
   -6.62
  -6.568
  -4.925
  -2.132
   1.096
   3.949
    5.73
   6.018
   4.777
   2.356
 -0.6044
  -3.335
  -5.135
  -5.548
  -4.479
  -2.214
  0.6523
   3.369
   5.222
   5.716
   4.706
    2.43
 -0.5413
  -3.451
  -5.544
  -6.265
  -5.393
   -3.11
 0.04152
    3.29
   5.824
   6.994
   6.475
   4.356
    1.12
  -2.468
  -5.543
  -7.355
  -7.451
  -5.785
  -2.739
  0.9717
   4.469
   6.921
   7.746
   6.751
   4.176
  0.6404
  -3.012
  -5.915
  -7.391
  -7.108
  -5.162
  -2.047
   1.471
    4.54
   6.431
   6.715
   5.362
   2.744
 -0.4654
  -3.459
  -5.498
  -6.098
  -5.141
  -2.903
 0.02056
   2.869
   4.911
   5.628
   4.845
   2.776
 -0.0361
  -2.856
  -4.943
  -5.745
  -5.036
  -2.979
-0.08472
   2.911
   5.236
   6.277
   5.737
   3.714
  0.6827
  -2.617
  -5.365
  -6.862
  -6.706
  -4.897
  -1.843
   1.737
   4.983
   7.105
   7.576
   6.262
    3.46
 -0.1741
  -3.779
  -6.499
  -7.687
  -7.064
  -4.783
  -1.394
   2.292
   5.398
   7.194
   7.271
   5.637
   2.711
 -0.7832
  -3.996
   -6.16
  -6.776
  -5.733
  -3.326
 -0.1804
   2.909
   5.177
   6.075
   5.409
   3.381
   0.533
  -2.393
  -4.642
  -5.642
  -5.144
  -3.285
 -0.5544
   2.335
   4.628
   5.719
   5.307
   3.479
  0.6849
  -2.369
  -4.899
  -6.243
  -6.029
  -4.273
   -1.38
   1.948
   4.889
   6.701
   6.907
    5.42
   2.569
 -0.9787
  -4.373
  -6.792
  -7.638
  -6.689
  -4.155
  -0.627
    3.06
   6.032
   7.582
   7.346
   5.387
   2.177
  -1.511
  -4.798
  -6.909
  -7.359
  -6.065
  -3.366
 0.06537
   3.391
   5.813
   6.767
   6.057
   3.898
  0.8562
  -2.294
  -4.767
  -5.961
  -5.605
  -3.821
  -1.092
   1.868
   4.292
   5.561
   5.353
   3.731
   1.121
  -1.797
  -4.259
  -5.617
  -5.502
  -3.921
  -1.261
   1.809
   4.505
   6.125
   6.226
   4.746
   2.017
  -1.305
  -4.402
    -6.5
  -7.053
   -5.89
   -3.26
  0.2255
   3.736
   6.424
   7.629
   7.045
   4.792
   1.394
  -2.347
  -5.544
  -7.441
  -7.589
   -5.96
  -2.951
  0.7146
   4.162
   6.577
   7.399
   6.458
   4.009
  0.6671
  -2.749
  -5.416
  -6.707
  -6.343
  -4.455
  -1.546
   1.641
   4.307
   5.798
   5.767
   4.257
   1.681
  -1.281
  -3.859
  -5.392
  -5.489
  -4.133
  -1.681
   1.227
   3.829
   5.442
   5.631
   4.325
    1.84
  -1.203
  -4.027
  -5.899
  -6.314
  -5.129
  -2.601
  0.6674
   3.877
   6.225
    7.11
   6.279
   3.897
  0.5141
  -3.067
  -5.985
  -7.526
  -7.302
  -5.348
  -2.115
   1.637
    5.02
   7.231
   7.748
   6.455
   3.667
 0.05532
  -3.518
  -6.207
  -7.386
  -6.798
  -4.614
  -1.385
   2.093
   4.979
   6.592
   6.572
   4.965
   2.205
 -0.9966
  -3.837
  -5.616
  -5.913
  -4.689
  -2.286
  0.6579
   3.376
   5.168
   5.578
   4.506
   2.238
 -0.6337
  -3.358
   -5.22
  -5.722
  -4.714
  -2.434
  0.5479
   3.473
   5.585
   6.321
   5.455
   3.167
-0.004363
  -3.285
   -5.86
   -7.07
  -6.586
  -4.487
  -1.253
   2.353
   5.464
   7.322
   7.464
   5.836
   2.811
 -0.9009
  -4.421
  -6.914
  -7.789
  -6.843
  -4.309
  -0.795
   2.857
   5.782
   7.295
   7.058
   5.157
   2.078
  -1.421
  -4.488
  -6.395
  -6.707
  -5.388
  -2.802
   0.383
   3.364
   5.405
   6.017
    5.08
   2.863
-0.04111
  -2.876
  -4.909
  -5.623
  -4.839
  -2.769
  0.0469
   2.873
    4.97
   5.782
   5.079
   3.021
  0.1205
  -2.889
  -5.231
  -6.288
  -5.758
  -3.735
 -0.6901
   2.636
   5.419
   6.953
   6.831
   5.044
   1.994
  -1.601
  -4.879
  -7.044
  -7.562
  -6.289
  -3.513
  0.1136
   3.733
   6.485
   7.716
   7.138
   4.895
   1.528
  -2.156
  -5.281
  -7.112
  -7.234
  -5.646
  -2.757
  0.7133
    3.92
   6.095
   6.735
   5.722
   3.344
  0.2196
  -2.859
  -5.128
  -6.038
   -5.39
  -3.382
 -0.5504
   2.363
   4.607
   5.606
   5.109
   3.251
  0.5171
   -2.38
  -4.683
  -5.784
   -5.38
  -3.554
 -0.7534
   2.315
   4.865
   6.231
   6.034
   4.285
   1.387
   -1.96
  -4.932
   -6.78
   -7.02
  -5.558
  -2.715
  0.8424
   4.266
   6.727
   7.623
    6.72
    4.22
  0.7087
  -2.984
  -5.979
  -7.568
  -7.375
  -5.453
   -2.27
   1.411
   4.712
   6.853
   7.345
   6.096
   3.437
 0.03346
  -3.281
  -5.708
  -6.681
  -5.997
  -3.866
 -0.8478
   2.288
   4.757
   5.957
   5.613
   3.844
   1.128
  -1.822
  -4.243
  -5.512
  -5.306
  -3.685
  -1.072
   1.852
   4.324
   5.692
   5.583
   4.002
   1.333
  -1.756
  -4.478
  -6.124
  -6.249
  -4.782
  -2.053
   1.285
   4.411
   6.545
   7.134
       6
   3.383
 -0.1099
  -3.648
  -6.379
  -7.636
  -7.103
  -4.892
  -1.517
   2.222
    5.44
   7.373
   7.566
   5.981
   3.005
 -0.6468
  -4.101
   -6.54
  -7.402
  -6.506
    -4.1
 -0.7898
    2.61
   5.278
   6.586
   6.249
   4.393
   1.512
  -1.653
  -4.307
  -5.797
  -5.773
  -4.273
  -1.709
   1.245
    3.82
   5.352
   5.451
   4.096
   1.643
  -1.268
  -3.877
  -5.496
  -5.688
  -4.379
  -1.881
   1.183
   4.034
   5.935
   6.375
   5.204
   2.677
 -0.6058
  -3.844
  -6.229
  -7.153
  -6.352
  -3.986
 -0.5984
   3.008
   5.968
   7.561
    7.39
    5.48
   2.272
  -1.478
   -4.88
   -7.13
  -7.696
  -6.451
  -3.702
  -0.111
   3.463
   6.173
   7.389
   6.846
   4.706
   1.511
  -1.949
  -4.836
  -6.467
  -6.477
  -4.906
  -2.181
  0.9927
   3.815
   5.588
    5.89
   4.675
   2.284
 -0.6507
  -3.363
  -5.154
  -5.566
  -4.497
  -2.231
  0.6403
   3.367
   5.232
   5.735
   4.723
   2.433
 -0.5675
  -3.517
  -5.656
  -6.414
  -5.562
  -3.275
-0.08943
   3.219
    5.83
    7.08
   6.628
   4.548
   1.313
  -2.313
  -5.462
  -7.368
  -7.559
  -5.972
  -2.971
  0.7387
   4.279
   6.811
   7.736
   6.842
   4.349
  0.8608
  -2.788
   -5.73
  -7.276
  -7.082
  -5.224
  -2.178
   1.303
   4.372
   6.297
   6.642
   5.361
   2.812
 -0.3434
  -3.306
  -5.341
  -5.957
   -5.03
  -2.826
 0.06696
   2.895
   4.928
   5.645
   4.866
     2.8
-0.01389
  -2.842
  -4.943
  -5.758
  -5.056
  -2.993
-0.08024
   2.948
   5.312
    6.39
   5.873
   3.852
  0.7959
  -2.555
  -5.374
  -6.948
  -6.861
  -5.098
  -2.055
   1.552
   4.859
   7.066
   7.628
   6.394
   3.642
 0.01968
  -3.617
  -6.405
  -7.684
  -7.157
  -4.958
  -1.619
   2.057
   5.194
   7.054
   7.215
   5.667
   2.811
 -0.6415
  -3.847
  -6.038
  -6.706
  -5.728
  -3.385
 -0.2883
   2.773
   5.037
   5.951
   5.315
    3.32
  0.5006
  -2.406
  -4.649
  -5.651
  -5.159
  -3.304
 -0.5702
   2.332
   4.643
   5.754
   5.358
   3.532
  0.7251
  -2.358
  -4.928
  -6.314
  -6.133
   -4.39
  -1.483
   1.887
   4.894
   6.783
   7.063
   5.632
   2.806
 -0.7554
  -4.201
  -6.698
  -7.636
  -6.774
  -4.303
 -0.8012
   2.902
   5.927
   7.559
   7.416
   5.539
   2.388
  -1.279
  -4.586
  -6.752
  -7.279
   -6.07
  -3.447
-0.06662
    3.24
   5.675
   6.669
   6.014
   3.913
  0.9197
    -2.2
  -4.664
  -5.868
  -5.534
  -3.778
  -1.074
   1.869
   4.286
   5.555
   5.351
   3.729
   1.111
  -1.822
  -4.307
  -5.689
  -5.591
  -4.014
   -1.34
   1.763
   4.505
   6.174
   6.317
   4.858
   2.124
  -1.235
  -4.397
  -6.574
  -7.208
  -6.111
  -3.515
-0.02433
   3.532
   6.298
   7.601
   7.113
   4.937
   1.581
  -2.162
  -5.403
  -7.376
  -7.618
  -6.079
  -3.139
   0.494
    3.95
   6.412
    7.31
   6.457
   4.092
   0.814
  -2.569
  -5.236
  -6.558
  -6.245
  -4.415
   -1.56
   1.588
   4.234
   5.725
    5.71
   4.224
   1.672
   -1.27
  -3.838
  -5.366
  -5.462
  -4.103
  -1.643
    1.28
   3.902
   5.535
   5.737
   4.431
   1.927
  -1.152
  -4.025
   -5.95
   -6.41
  -5.251
   -2.72
  0.5829
   3.855
   6.284
   7.252
    6.49
   4.146
  0.7612
  -2.865
  -5.862
  -7.503
  -7.383
  -5.514
  -2.331
   1.415
   4.837
   7.124
   7.737
   6.541
    3.83
   0.259
  -3.316
  -6.048
  -7.303
  -6.808
  -4.715
  -1.559
   1.878
   4.758
   6.399
   6.431
   4.888
   2.191
 -0.9626
  -3.774
  -5.547
  -5.857
  -4.657
  -2.281
  0.6387
   3.341
   5.125
   5.533
   4.461
    2.19
 -0.6885
  -3.425
    -5.3
   -5.81
  -4.799
  -2.502
  0.5143
   3.486
   5.649
   6.429
   5.591
   3.303
  0.1018
  -3.237
  -5.887
  -7.177
  -6.761
  -4.702
  -1.469
   2.177
   5.363
   7.318
   7.562
    6.02
   3.048
 -0.6547
   -4.21
  -6.776
  -7.747
  -6.899
  -4.444
 -0.9767
   2.672
   5.636
   7.222
   7.077
   5.268
   2.262
  -1.193
  -4.254
  -6.189
  -6.556
  -5.305
  -2.785
  0.3472
   3.297
    5.33
   5.955
   5.042
   2.855
-0.02351
  -2.842
   -4.87
  -5.586
  -4.809
  -2.744
 0.07148
   2.904
   5.011
   5.831
    5.13
   3.061
  0.1339
  -2.915
  -5.304
  -6.406
  -5.907
  -3.891
 -0.8264
   2.547
   5.398
   7.009
   6.955
   5.213
   2.175
  -1.447
  -4.789
  -7.042
  -7.655
  -6.466
  -3.746
 -0.1347
   3.512
   6.329
    7.65
   7.168
   5.006
   1.691
  -1.982
  -5.136
  -7.031
  -7.237
  -5.734
  -2.917
    0.51
   3.708
   5.907
   6.599
    5.65
   3.337
  0.2647
  -2.782
  -5.042
  -5.963
  -5.338
  -3.357
 -0.5483
   2.353
   4.595
   5.602
   5.116
   3.267
  0.5348
  -2.369
  -4.686
  -5.803
  -5.409
  -3.579
 -0.7599
   2.344
   4.941
   6.354
   6.195
   4.464
   1.556
   -1.83
  -4.866
   -6.79
  -7.105
  -5.701
  -2.884
  0.6847
   4.157
   6.696
   7.682
   6.866
   4.429
  0.9436
  -2.764
  -5.814
  -7.485
  -7.386
  -5.551
  -2.429
   1.227
   4.542
   6.734
   7.299
   6.131
   3.544
  0.1897
  -3.107
  -5.549
  -6.563
  -5.936
  -3.865
  -0.898
   2.204
    4.66
   5.864
   5.538
    3.79
   1.093
  -1.848
  -4.268
  -5.543
  -5.346
   -3.73
  -1.114
   1.823
   4.315
   5.704
   5.611
   4.032
   1.346
  -1.778
  -4.548
  -6.247
  -6.417
  -4.975
  -2.242
   1.132
   4.323
   6.539
   7.213
   6.149
   3.572
 0.08085
  -3.496
  -6.299
  -7.648
  -7.207
  -5.069
  -1.733
    2.01
   5.274
   7.286
   7.575
   6.084
   3.181
 -0.4305
  -3.886
  -6.365
  -7.296
  -6.482
  -4.155
 -0.9046
   2.464
   5.134
   6.472
   6.186
   4.387
   1.561
  -1.564
  -4.197
  -5.684
  -5.672
  -4.191
  -1.646
   1.294
   3.862
   5.394
   5.494
   4.138
   1.676
  -1.251
  -3.882
  -5.524
  -5.731
  -4.424
  -1.909
    1.19
   4.091
   6.045
   6.532
   5.388
   2.859
 -0.4604
  -3.764
  -6.236
   -7.25
  -6.526
  -4.208
 -0.8287
   2.813
   5.844
   7.531
   7.458
   5.628
   2.468
  -1.277
   -4.72
  -7.048
  -7.713
   -6.57
  -3.903
   -0.36
   3.208
   5.955
    7.24
   6.785
   4.732
   1.609
  -1.808
  -4.687
  -6.342
  -6.399
  -4.888
  -2.223
  0.9051
     3.7
   5.467
   5.779
   4.587
    2.22
 -0.6917
  -3.389
  -5.172
   -5.58
  -4.508
  -2.234
  0.6505
   3.395
   5.279
   5.796
   4.786
    2.48
 -0.5525
  -3.548
  -5.737
  -6.539
  -5.715
  -3.426
 -0.2078
   3.163
   5.857
   7.194
   6.819
   4.788
   1.564
  -2.093
   -5.31
  -7.309
  -7.599
  -6.096
  -3.148
  0.5523
   4.128
   6.734
   7.757
   6.963
   4.554
   1.116
  -2.524
  -5.502
  -7.119
  -7.016
   -5.25
  -2.281
   1.152
   4.207
   6.153
   6.545
   5.325
   2.836
  -0.271
  -3.206
  -5.235
  -5.865
  -4.965
  -2.792
 0.07326
   2.882
   4.905
    5.62
   4.842
   2.775
-0.04572
  -2.887
  -5.003
  -5.832
  -5.135
  -3.064
 -0.1253
   2.942
   5.353
   6.475
   5.989
   3.975
  0.8962
  -2.506
  -5.397
  -7.052
  -7.039
  -5.327
  -2.301
   1.329
   4.697
   6.989
   7.647
   6.498
   3.804
  0.1997
  -3.462
  -6.314
  -7.682
  -7.249
  -5.131
  -1.844
   1.819
   4.986
   6.912
   7.159
   5.701
   2.923
 -0.4788
  -3.667
  -5.874
  -6.585
  -5.664
  -3.378
 -0.3273
   2.708
   4.967
   5.896
   5.287
   3.322
  0.5287
  -2.362
    -4.6
  -5.605
   -5.12
  -3.269
 -0.5327
    2.38
   4.709
   5.837
   5.452
   3.625
  0.7982
  -2.321
  -4.939
  -6.375
  -6.234
  -4.511
  -1.596
   1.812
   4.882
   6.848
   7.204
   5.831
   3.031
 -0.5412
  -4.036
  -6.612
  -7.642
  -6.869
  -4.464
 -0.9943
   2.719
   5.795
   7.505
   7.451
   5.658
   2.565
  -1.079
  -4.404
  -6.623
  -7.228
  -6.104
  -3.557
 -0.2323
    3.05
   5.492
    6.52
   5.915
   3.866
  0.9184
  -2.173
  -4.627
   -5.84
  -5.526
  -3.794
  -1.109
   1.823
   4.239
   5.514
   5.318
   3.701
    1.08
  -1.866
  -4.371
  -5.774
  -5.691
  -4.115
  -1.423
   1.719
   4.514
   6.241
   6.436
   5.009
   2.277
  -1.112
  -4.333
  -6.588
  -7.304
  -6.274
  -3.718
 -0.2277
   3.368
   6.209
   7.605
   7.213
   5.115
   1.804
  -1.936
  -5.217
  -7.264
  -7.596
  -6.148
  -3.279
  0.3164
   3.775
   6.277
   7.244
   6.475
    4.19
  0.9744
  -2.374
  -5.038
  -6.384
  -6.116
   -4.34
  -1.534
   1.577
   4.204
   5.693
   5.689
   4.219
   1.684
  -1.249
  -3.814
  -5.345
  -5.446
  -4.089
  -1.623
   1.313
   3.956
   5.609
   5.825
   4.517
   1.992
  -1.128
  -4.058
  -6.046
  -6.563
  -5.439
  -2.915
  0.4157
   3.747
   6.258
   7.313
   6.626
    4.33
  0.9534
  -2.707
  -5.776
  -7.513
  -7.493
   -5.71
   -2.58
   1.157
   4.614
   6.975
   7.685
   6.588
    3.96
  0.4406
  -3.125
  -5.889
  -7.209
  -6.798
  -4.791
  -1.706
   1.687
   4.557
   6.219
   6.296
   4.811
   2.171
 -0.9361
  -3.719
  -5.482
  -5.798
  -4.613
  -2.256
  0.6489
   3.342
   5.124
   5.533
   4.462
   2.187
 -0.7034
  -3.456
  -5.347
  -5.867
  -4.854
  -2.537
  0.5185
   3.544
   5.767
     6.6
   5.797
   3.516
   0.289
  -3.107
  -5.838
  -7.216
  -6.878
   -4.87
  -1.651
   2.023
   5.276
   7.324
   7.667
   6.211
   3.294
  -0.397
  -3.987
  -6.626
  -7.696
  -6.952
  -4.587
  -1.177
   2.456
   5.447
   7.096
   7.036
   5.315
   2.383
  -1.025
  -4.072
  -6.028
  -6.442
  -5.251
  -2.794
  0.2877
   3.205
   5.227
    5.86
   4.967
   2.805
-0.05281
  -2.857
   -4.88
  -5.597
  -4.824
  -2.759
 0.06304
   2.907
   5.029
   5.861
   5.162
    3.08
   0.123
  -2.971
  -5.413
  -6.564
    -6.1
  -4.095
   -1.01
   2.414
   5.339
   7.034
   7.058
   5.373
   2.355
  -1.286
  -4.683
  -7.019
  -7.725
  -6.619
  -3.955
 -0.3603
   3.315
   6.199
   7.614
   7.232
    5.16
   1.905
  -1.746
  -4.922
  -6.874
  -7.159
  -5.742
  -2.999
  0.3799
   3.562
   5.779
   6.514
   5.623
   3.368
  0.3444
  -2.673
  -4.925
  -5.857
  -5.256
  -3.301
  -0.516
   2.371
   4.609
    5.62
    5.14
   3.294
  0.5581
  -2.358
  -4.694
  -5.829
  -5.447
  -3.616
 -0.7766
   2.364
   5.009
   6.474
   6.356
   4.644
   1.727
    -1.7
  -4.801
  -6.807
  -7.203
  -5.862
  -3.079
  0.4945
    4.01
   6.621
   7.695
   6.963
   4.588
   1.131
  -2.592
  -5.696
   -7.45
  -7.447
  -5.701
  -2.644
  0.9818
   4.308
   6.547
   7.183
   6.097
   3.584
  0.2819
  -2.991
   -5.44
  -6.487
  -5.909
  -3.889
 -0.9653
   2.109
   4.558
   5.772
   5.466
   3.743
   1.067
  -1.862
  -4.279
  -5.558
  -5.367
  -3.752
  -1.129
   1.826
   4.343
   5.758
   5.685
   4.111
    1.41
  -1.749
  -4.569
  -6.326
  -6.545
  -5.134
  -2.402
   1.003
   4.256
   6.553
   7.314
   6.323
   3.792
  0.3091
    -3.3
  -6.171
  -7.609
  -7.259
  -5.196
  -1.903
   1.839
   5.143
    7.23
   7.612
   6.214
   3.385
 -0.1852
  -3.638
  -6.154
   -7.15
  -6.417
  -4.169
 -0.9816
   2.351
   5.014
   6.372
   6.125
   4.374
    1.59
  -1.505
  -4.124
  -5.614
  -5.616
  -4.155
  -1.629
   1.298
    3.86
   5.391
   5.492
   4.133
    1.66
  -1.289
  -3.947
  -5.617
  -5.845
  -4.543
  -2.012
   1.125
   4.081
   6.098
   6.641
   5.535
   3.013
 -0.3331
  -3.697
  -6.251
  -7.355
  -6.711
  -4.446
   -1.08
   2.591
    5.69
    7.47
   7.497
   5.754
   2.649
  -1.083
  -4.559
  -6.956
  -7.715
   -6.67
  -4.087
 -0.5957
   2.961
   5.738
   7.087
   6.715
    4.75
   1.701
  -1.669
   -4.53
  -6.198
  -6.292
  -4.829
  -2.212
  0.8773
    3.65
   5.412
   5.735
   4.561
   2.216
 -0.6786
  -3.364
  -5.141
  -5.546
  -4.469
  -2.184
  0.7184
   3.486
   5.393
   5.926
   4.917
   2.594
 -0.4773
  -3.528
   -5.78
  -6.641
  -5.856
  -3.579
 -0.3378
   3.088
   5.861
   7.287
   6.991
   5.014
   1.805
   -1.88
  -5.165
  -7.258
  -7.651
   -6.24
  -3.353
  0.3286
   3.932
   6.605
   7.722
   7.029
   4.708
   1.328
  -2.296
    -5.3
   -6.98
  -6.963
  -5.288
  -2.397
  0.9817
   4.017
   5.975
   6.404
   5.237
   2.803
 -0.2588
  -3.166
  -5.187
  -5.826
  -4.947
    -2.8
 0.04369
   2.838
   4.853
   5.566
   4.788
   2.717
 -0.1138
   -2.97
  -5.104
  -5.946
  -5.251
  -3.165
 -0.1931
   2.924
   5.394
   6.574
    6.13
   4.133
   1.041
  -2.407
  -5.368
  -7.105
  -7.168
   -5.51
  -2.503
   1.148
   4.576
   6.957
   7.713
   6.655
   4.024
  0.4434
   -3.24
  -6.153
   -7.61
  -7.276
  -5.247
   -2.02
   1.622
   4.809
   6.792
   7.119
   5.748
   3.046
 -0.3032
  -3.472
  -5.691
  -6.441
  -5.573
  -3.342
 -0.3384
   2.668
   4.919
   5.858
   5.271
   3.332
  0.5594
  -2.319
  -4.553
  -5.562
  -5.083
  -3.237
 -0.4964
   2.428
   4.774
   5.919
   5.542
   3.708
  0.8565
  -2.306
   -4.98
  -6.475
  -6.383
  -4.687
  -1.771
   1.672
   4.801
   6.843
   7.276
   5.963
   3.194
 -0.3864
  -3.927
   -6.58
  -7.703
  -7.018
  -4.681
  -1.243
    2.48
   5.607
   7.398
   7.439
   5.735
   2.709
 -0.9033
  -4.236
  -6.499
  -7.172
  -6.127
  -3.653
 -0.3795
    2.88
    5.33
    6.39
   5.834
   3.838
  0.9343
  -2.128
  -4.572
  -5.791
  -5.495
  -3.783
  -1.116
   1.808
   4.226
   5.509
   5.322
    3.71
   1.085
  -1.877
  -4.404
   -5.83
  -5.764
  -4.189
  -1.478
   1.704
   4.556
   6.346
   6.598
   5.209
   2.485
 -0.9286
  -4.205
  -6.538
  -7.336
  -6.379
  -3.867
 -0.3844
   3.245
   6.152
   7.637
   7.337
   5.315
   2.048
   -1.69
  -5.011
  -7.131
  -7.558
  -6.205
  -3.413
   0.135
   3.585
   6.116
   7.142
   6.446
   4.234
   1.076
  -2.241
  -4.902
  -6.272
  -6.045
  -4.318
  -1.556
   1.521
   4.131
   5.619
   5.626
   4.171
   1.649
  -1.276
  -3.841
  -5.377
  -5.483
  -4.126
   -1.65
   1.306
   3.976
   5.658
   5.894
   4.592
    2.05
   -1.11
  -4.098
  -6.153
  -6.731
  -5.651
  -3.139
   0.214
   3.602
   6.194
    7.34
   6.735
   4.495
   1.137
  -2.548
   -5.68
  -7.507
  -7.584
  -5.885
   -2.81
  0.9144
   4.404
   6.836
   7.643
   6.649
   4.111
  0.6507
  -2.894
  -5.679
  -7.052
  -6.716
  -4.787
  -1.768
   1.581
   4.438
   6.115
   6.229
   4.793
   2.202
  -0.865
  -3.623
  -5.379
  -5.701
   -4.53
   -2.19
  0.7019
   3.388
   5.166
   5.573
   4.496
   2.208
 -0.7038
  -3.484
  -5.403
  -5.944
  -4.936
  -2.603
  0.4898
   3.571
   5.858
   6.752
   5.991
   3.724
  0.4744
  -2.978
   -5.79
  -7.261
  -7.008
  -5.061
  -1.865
   1.831
   5.144
   7.282
   7.724
   6.358
     3.5
 -0.1719
   -3.79
  -6.499
  -7.666
  -7.028
  -4.757
  -1.413
   2.194
   5.202
   6.905
   6.921
   5.285
   2.428
 -0.9289
  -3.957
  -5.924
  -6.374
  -5.235
   -2.83
  0.2072
   3.097
    5.11
   5.751
   4.877
   2.738
-0.09781
  -2.887
    -4.9
  -5.612
  -4.833
  -2.757
 0.08129
   2.949
   5.096
   5.948
   5.256
   3.165
  0.1775
  -2.964
  -5.464
  -6.672
   -6.25
  -4.262
  -1.161
   2.312
   5.312
   7.094
     7.2
   5.575
   2.584
  -1.072
  -4.525
  -6.946
  -7.749
  -6.733
  -4.133
 -0.5616
   3.134
   6.081
   7.586
   7.307
   5.328
   2.139
  -1.485
  -4.676
   -6.68
  -7.041
  -5.709
  -3.042
  0.2836
   3.443
   5.669
   6.438
   5.596
   3.394
  0.4132
  -2.579
  -4.824
  -5.768
  -5.191
  -3.264
 -0.5035
   2.366
   4.596
   5.604
   5.124
   3.274
  0.5258
  -2.411
  -4.771
   -5.93
  -5.563
  -3.731
 -0.8704
    2.31
   5.009
   6.531
    6.46
   4.775
   1.855
  -1.608
  -4.772
  -6.856
  -7.332
  -6.055
  -3.305
  0.2743
   3.834
   6.522
   7.689
   7.047
   4.743
    1.32
   -2.41
  -5.563
  -7.396
  -7.486
   -5.83
   -2.84
  0.7532
   4.086
   6.368
   7.074
   6.067
   3.629
  0.3817
  -2.864
  -5.316
  -6.391
  -5.856
  -3.883
 -0.9983
   2.052
   4.495
    5.72
   5.436
   3.738
   1.083
  -1.832
  -4.246
  -5.528
  -5.341
  -3.725
  -1.091
   1.885
    4.43
   5.875
   5.823
   4.256
    1.54
  -1.657
  -4.533
  -6.352
   -6.63
  -5.258
  -2.537
  0.8903
   4.197
   6.569
   7.411
   6.491
   4.004
  0.5275
  -3.116
  -6.056
  -7.585
  -7.331
  -5.349
  -2.106
   1.627
   4.965
    7.12
   7.591
   6.283
   3.529
 0.002529
  -3.444
  -5.991
  -7.046
  -6.387
  -4.213
  -1.086
   2.211
   4.867
   6.244
   6.033
   4.324
    1.58
  -1.487
  -4.094
  -5.587
  -5.603
   -4.16
  -1.648
    1.27
   3.831
   5.366
    5.47
   4.108
   1.623
  -1.349
  -4.039
  -5.741
  -5.993
  -4.698
  -2.152
   1.025
   4.041
   6.128
   6.739
   5.682
    3.18
 -0.1823
  -3.596
  -6.226
  -7.416
  -6.851
  -4.639
  -1.289
   2.409
   5.574
   7.448
   7.577
   5.926
   2.884
 -0.8273
  -4.327
  -6.787
  -7.636
  -6.688
   -4.19
 -0.7569
    2.78
   5.576
   6.977
   6.679
   4.791
   1.808
  -1.516
  -4.362
  -6.041
  -6.168
   -4.75
  -2.179
  0.8736
   3.624
   5.378
   5.706
   4.544
   2.212
 -0.6733
  -3.355
  -5.132
  -5.536
  -4.454
  -2.157
  0.7681
   3.565
   5.502
   6.056
   5.053
   2.712
 -0.3997
  -3.511
  -5.834
  -6.763
   -6.03
  -3.775
  -0.521
   2.954
   5.802
   7.316
   7.102
   5.183
   1.996
  -1.712
   -5.06
  -7.247
  -7.745
   -6.43
  -3.611
 0.04334
   3.667
   6.403
   7.612
   7.022
   4.796
   1.483
  -2.112
  -5.129
  -6.858
  -6.913
  -5.319
  -2.501
  0.8288
   3.844
   5.813
   6.278
   5.161
   2.781
 -0.2359
  -3.112
   -5.12
  -5.762
  -4.895
  -2.764
  0.0649
   2.849
   4.861
   5.572
   4.791
   2.711
 -0.1368
  -3.016
  -5.176
  -6.038
  -5.349
   -3.25
 -0.2432
   2.928
   5.463
   6.706
   6.313
   4.339
   1.237
  -2.254
  -5.286
  -7.108
  -7.252
  -5.656
  -2.675
  0.9925
   4.477
   6.944
   7.801
   6.836
   4.275
  0.7226
  -2.977
   -5.95
  -7.497
  -7.267
  -5.334
  -2.179
    1.43
   4.625
   6.651
   7.049
   5.756
   3.126
  -0.174
  -3.323
  -5.553
   -6.34
  -5.525
   -3.35
 -0.3941
   2.581
   4.819
   5.763
   5.191
   3.273
  0.5189
  -2.348
  -4.578
  -5.588
  -5.111
  -3.261
 -0.5089
   2.436
   4.807
   5.975
   5.613
   3.777
  0.9019
  -2.304
  -5.035
   -6.59
  -6.549
  -4.882
  -1.964
   1.512
   4.704
   6.826
    7.34
   6.093
   3.359
 -0.2239
  -3.808
  -6.535
   -7.75
  -7.157
   -4.89
  -1.487
   2.245
   5.421
   7.293
   7.432
   5.822
    2.87
 -0.7028
  -4.034
  -6.333
  -7.068
  -6.096
  -3.689
 -0.4654
   2.771
   5.229
   6.321
   5.812
   3.867
   1.007
  -2.026
   -4.46
  -5.685
  -5.406
  -3.715
  -1.064
    1.85
   4.266
   5.554
   5.372
   3.758
   1.121
  -1.863
  -4.422
  -5.881
  -5.839
  -4.274
   -1.55
   1.667
   4.572
   6.424
   6.733
   5.382
   2.668
 -0.7694
  -4.102
  -6.512
  -7.396
  -6.513
   -4.05
 -0.5795
   3.078
    6.05
   7.623
   7.415
   5.471
   2.252
  -1.478
  -4.834
  -7.025
  -7.542
  -6.284
  -3.571
-0.07252
   3.365
    5.92
   6.997
   6.369
   4.226
   1.122
  -2.163
   -4.82
  -6.211
  -6.022
  -4.338
  -1.617
   1.433
    4.03
   5.521
   5.539
   4.101
   1.593
  -1.324
  -3.888
  -5.427
  -5.535
  -4.173
  -1.681
   1.304
   4.012
   5.733
   6.002
   4.714
   2.164
  -1.029
  -4.072
  -6.193
  -6.835
  -5.801
  -3.308
 0.06288
   3.503
   6.174
    7.41
   6.889
    4.71
   1.374
  -2.331
  -5.524
  -7.439
  -7.616
  -6.007
  -2.994
  0.7079
    4.22
   6.714
   7.609
   6.712
    4.26
  0.8611
   -2.66
  -5.459
   -6.88
  -6.612
  -4.757
  -1.803
   1.503
   4.343
   6.029
   6.174
   4.778
   2.229
 -0.8052
  -3.544
  -5.294
  -5.623
  -4.466
  -2.139
  0.7425
   3.423
   5.199
   5.602
   4.515
   2.208
  -0.734
  -3.552
   -5.51
  -6.083
   -5.09
  -2.748
  0.3784
   3.515
    5.87
   6.831
   6.121
   3.875
  0.6115
  -2.891
  -5.781
  -7.344
  -7.178
  -5.295
  -2.125
   1.588
   4.962
   7.191
   7.739
   6.472
   3.687
 0.04667
  -3.586
  -6.352
  -7.606
  -7.068
   -4.89
  -1.613
   1.964
   4.983
   6.733
   6.821
   5.266
   2.482
 -0.8219
  -3.825
  -5.797
  -6.276
   -5.18
  -2.822
  0.1746
   3.038
   5.041
   5.685
   4.826
   2.704
 -0.1164
  -2.894
  -4.901
  -5.608
  -4.819
  -2.728
  0.1356
   3.035
   5.215
   6.095
   5.417
   3.318
  0.2999
  -2.894
  -5.458
  -6.731
  -6.361
  -4.398
  -1.288
   2.228
   5.299
   7.167
   7.357
   5.795
   2.832
 -0.8401
   -4.35
   -6.86
  -7.769
  -6.853
   -4.33
 -0.7962
   2.908
   5.906
   7.495
   7.313
   5.426
   2.306
  -1.286
  -4.484
  -6.534
  -6.967
  -5.716
  -3.124
  0.1467
    3.28
   5.511
    6.31
   5.516
   3.364
  0.4274
  -2.535
   -4.77
  -5.718
  -5.157
  -3.251
 -0.5079
    2.35
   4.575
   5.582
     5.1
   3.242
  0.4786
  -2.482
  -4.872
  -6.058
  -5.708
  -3.874
 -0.9909
   2.234
   4.992
   6.577
   6.562
    4.91
   1.992
  -1.501
  -4.725
  -6.888
  -7.443
   -6.23
  -3.514
 0.07213
   3.679
   6.447
   7.713
   7.169
   4.944
   1.565
  -2.163
  -5.357
  -7.265
  -7.446
   -5.88
   -2.96
   0.596
    3.93
   6.249
   7.018
   6.086
   3.718
  0.5236
  -2.697
  -5.153
  -6.256
  -5.766
  -3.842
  -1.001
   2.021
   4.451
   5.681
   5.411
   3.731
    1.09
  -1.818
  -4.233
  -5.522
   -5.34
  -3.724
  -1.079
   1.918
   4.494
   5.971
   5.944
   4.384
   1.654
  -1.581
  -4.514
  -6.399
  -6.739
  -5.411
  -2.706
  0.7405
   4.097
   6.543
   7.466
   6.617
   4.176
  0.7079
  -2.968
  -5.977
  -7.598
  -7.442
  -5.544
  -2.355
   1.364
    4.73
   6.948
   7.505
   6.287
   3.609
  0.1314
  -3.303
  -5.872
  -6.978
  -6.386
  -4.278
  -1.203
   2.064
   4.717
   6.116
   5.944
    4.28
   1.578
  -1.458
   -4.05
   -5.54
  -5.564
  -4.131
  -1.628
   1.289
   3.856
     5.4
   5.512
    4.15
   1.653
  -1.345
   -4.07
   -5.81
  -6.093
  -4.812
  -2.257
  0.9561
   4.029
   6.187
   6.866
   5.862
   3.384
 0.009789
  -3.451
  -6.156
  -7.433
  -6.951
  -4.798
  -1.472
   2.246
   5.471
   7.434
   7.665
   6.106
    3.13
 -0.5547
  -4.072
   -6.59
  -7.524
  -6.671
   -4.26
 -0.8891
    2.62
   5.425
   6.869
   6.632
   4.812
   1.888
  -1.397
   -4.23
  -5.922
  -6.083
  -4.708
  -2.181
  0.8344
   3.561
   5.305
   5.632
   4.475
   2.148
  -0.735
   -3.42
  -5.202
  -5.609
  -4.523
   -2.21
  0.7434
   3.578
   5.555
   6.142
   5.155
   2.807
 -0.3395
  -3.508
  -5.901
    -6.9
  -6.221
  -3.992
 -0.7272
   2.796
   5.722
   7.329
   7.205
   5.355
   2.199
  -1.522
  -4.925
    -7.2
  -7.802
  -6.586
   -3.84
 -0.2199
   3.416
   6.207
   7.502
   7.014
   4.882
   1.642
  -1.917
  -4.936
  -6.703
  -6.822
  -5.301
  -2.549
  0.7323
   3.726
   5.703
   6.199
   5.128
   2.796
 -0.1767
  -3.022
  -5.014
  -5.653
  -4.793
  -2.672
  0.1494
    2.93
    4.94
    5.65
   4.861
   2.765
 -0.1091
  -3.024
  -5.221
  -6.115
  -5.444
   -3.34
 -0.3051
   2.916
   5.516
   6.824
   6.483
   4.534
   1.423
  -2.115
  -5.222
  -7.136
  -7.371
  -5.845
    -2.9
  0.7744
   4.309
   6.861
    7.82
   6.955
   4.469
  0.9551
  -2.752
  -5.776
  -7.408
  -7.278
  -5.441
   -2.36
   1.209
   4.405
    6.47
   6.932
   5.716
   3.157
-0.09068
  -3.215
   -5.45
  -6.268
  -5.499
  -3.376
 -0.4647
   2.479
   4.702
   5.647
   5.087
   3.185
  0.4455
  -2.412
  -4.638
  -5.647
  -5.165
  -3.304
 -0.5316
   2.443
    4.85
   6.052
   5.712
    3.88
  0.9876
  -2.258
  -5.045
   -6.66
  -6.671
  -5.033
  -2.114
   1.398
   4.657
   6.863
   7.464
    6.29
   3.597
 0.01475
   -3.61
  -6.413
  -7.724
  -7.227
  -5.039
  -1.681
   2.049
   5.265
   7.212
   7.442
   5.924
   3.044
 -0.4884
  -3.818
  -6.151
  -6.947
  -6.048
  -3.713
 -0.5418
   2.668
   5.127
   6.245
   5.778
   3.881
   1.062
  -1.943
  -4.367
  -5.596
  -5.332
  -3.659
  -1.023
   1.883
   4.298
   5.589
   5.409
    3.79
   1.137
  -1.876
  -4.471
  -5.969
  -5.959
  -4.408
  -1.676
   1.573
   4.529
   6.443
   6.809
   5.499
   2.797
 -0.6633
   -4.05
  -6.538
  -7.508
  -6.702
   -4.29
 -0.8319
   2.855
   5.892
   7.555
   7.445
   5.587
   2.424
  -1.288
  -4.669
  -6.919
  -7.519
  -6.347
  -3.708
 -0.2555
   3.171
    5.75
   6.881
   6.321
   4.246
   1.198
  -2.054
  -4.704
  -6.112
  -5.956
  -4.313
  -1.628
   1.395
   3.981
   5.473
   5.503
   4.078
    1.58
  -1.335
  -3.902
  -5.449
  -5.563
  -4.197
  -1.689
   1.326
   4.074
   5.839
   6.145
   4.878
   2.324
 -0.8999
  -3.997
  -6.184
  -6.894
  -5.912
  -3.443
-0.06102
   3.426
   6.172
   7.497
    7.06
   4.941
   1.631
  -2.093
  -5.344
  -7.349
  -7.629
  -6.116
  -3.175
  0.4936
   4.016
   6.558
    7.53
   6.721
    4.35
   1.008
   -2.49
  -5.302
  -6.767
  -6.563
  -4.779
  -1.888
   1.375
   4.197
   5.891
   6.062
   4.703
   2.192
 -0.8112
  -3.531
  -5.274
  -5.605
  -4.453
  -2.131
  0.7503
   3.436
   5.219
   5.626
   4.535
   2.211
 -0.7612
   -3.62
  -5.622
  -6.232
  -5.259
  -2.912
  0.2475
   3.442
   5.868
   6.902
   6.251
   4.036
   0.766
   -2.78
  -5.745
  -7.399
  -7.323
  -5.508
  -2.371
   1.355
   4.785
   7.105
   7.761
   6.598
   3.895
  0.2977
  -3.336
  -6.147
  -7.478
  -7.033
  -4.944
  -1.734
   1.809
   4.833
   6.622
   6.775
   5.294
    2.58
 -0.6732
  -3.651
  -5.625
  -6.129
  -5.074
  -2.761
   0.196
    3.03
   5.017
   5.657
     4.8
   2.683
 -0.1355
  -2.915
  -4.926
  -5.635
  -4.843
  -2.738
  0.1517
   3.086
   5.305
   6.217
   5.557
   3.453
  0.4032
  -2.845
  -5.479
  -6.824
  -6.513
  -4.582
  -1.469
   2.087
    5.23
   7.188
   7.468
   5.977
    3.05
 -0.6293
  -4.191
  -6.788
  -7.803
  -6.993
  -4.553
  -1.066
   2.636
   5.677
   7.343
   7.257
   5.463
   2.415
  -1.137
  -4.336
  -6.422
  -6.919
  -5.743
  -3.223
-0.005369
   3.102
   5.335
   6.163
   5.413
   3.312
  0.4216
  -2.507
  -4.722
  -5.665
  -5.108
   -3.21
 -0.4738
   2.383
   4.611
   5.622
   5.142
   3.277
  0.4961
  -2.493
  -4.916
  -6.133
  -5.802
   -3.97
  -1.064
   2.206
   5.026
   6.678
    6.72
   5.103
   2.188
  -1.338
  -4.626
  -6.872
  -7.515
  -6.375
  -3.702
 -0.1183
   3.529
   6.373
   7.736
   7.293
    5.15
    1.82
  -1.903
  -5.133
  -7.113
  -7.385
   -5.91
  -3.065
  0.4484
   3.777
   6.127
   6.953
   6.092
   3.792
  0.6486
  -2.546
  -5.005
  -6.136
   -5.69
  -3.817
  -1.021
   1.968
   4.381
   5.608
   5.346
   3.676
   1.041
  -1.867
  -4.288
  -5.586
  -5.413
  -3.797
   -1.14
   1.883
   4.493
   6.007
   6.008
   4.461
    1.72
  -1.549
  -4.536
  -6.485
  -6.885
  -5.599
  -2.907
  0.5605
   3.972
   6.497
   7.508
    6.74
   4.353
  0.9022
  -2.798
  -5.869
  -7.577
  -7.516
  -5.702
   -2.57
   1.132
   4.523
   6.802
   7.442
   6.314
   3.713
  0.2849
  -3.134
  -5.722
  -6.876
  -6.347
  -4.303
   -1.28
   1.958
   4.608
   6.027
   5.891
   4.271
   1.608
  -1.398
  -3.973
  -5.461
   -5.49
  -4.065
  -1.566
   1.354
   3.931
   5.488
   5.611
   4.249
   1.739
  -1.287
  -4.052
  -5.837
  -6.159
  -4.901
  -2.344
  0.8972
   4.022
   6.246
   6.991
   6.037
   3.582
  0.1957
  -3.315
  -6.098
  -7.468
  -7.076
  -4.992
  -1.698
    2.03
   5.306
   7.352
   7.679
   6.212
   3.303
 -0.3498
  -3.878
  -6.446
  -7.458
  -6.695
  -4.366
  -1.056
   2.425
   5.239
   6.721
   6.543
   4.789
   1.923
  -1.323
  -4.139
   -5.84
  -6.026
  -4.689
  -2.199
  0.7867
   3.494
    5.23
   5.558
   4.405
   2.079
 -0.8077
  -3.501
  -5.294
  -5.708
  -4.619
  -2.288
   0.698
   3.577
   5.603
   6.233
   5.272
   2.925
 -0.2481
  -3.469
   -5.93
      -7
  -6.377
  -4.177
 -0.9034
   2.667
   5.672
   7.377
   7.351
   5.578
   2.464
  -1.259
  -4.709
  -7.067
  -7.771
  -6.655
  -3.989
 -0.4117
   3.225
   6.059
   7.431
   7.034
   4.992
    1.82
  -1.702
  -4.722
  -6.526
  -6.706
  -5.257
  -2.573
  0.6565
   3.623
   5.598
   6.114
   5.078
   2.786
 -0.1523
  -2.972
  -4.951
  -5.587
   -4.73
  -2.612
  0.2084
   2.991
   5.006
   5.718
   4.924
    2.81
-0.09534
  -3.052
  -5.295
  -6.229
  -5.583
  -3.481
 -0.4203
   2.851
   5.518
   6.896
   6.612
   4.695
   1.578
  -2.003
  -5.186
  -7.195
  -7.528
  -6.081
  -3.181
  0.4931
   4.073
   6.707
   7.769
   7.008
   4.608
   1.144
  -2.558
   -5.62
  -7.325
  -7.286
   -5.54
  -2.531
  0.9987
   4.195
   6.296
   6.822
   5.684
   3.199
 0.009907
  -3.081
  -5.312
  -6.149
  -5.416
  -3.336
 -0.4646
    2.45
   4.658
     5.6
   5.047
   3.153
  0.4202
  -2.435
  -4.663
  -5.675
  -5.192
  -3.319
  -0.524
   2.484
    4.93
   6.169
   5.855
   4.028
   1.115
  -2.174
  -5.022
  -6.704
  -6.773
  -5.172
  -2.256
    1.29
   4.614
   6.908
   7.601
   6.503
   3.858
  0.2808
  -3.382
  -6.261
  -7.671
  -7.277
  -5.176
  -1.872
   1.845
   5.092
   7.105
   7.421
   5.989
    3.18
 -0.3121
  -3.639
  -6.005
  -6.863
   -6.04
  -3.778
 -0.6651
   2.511
   4.965
   6.103
   5.672
   3.818
   1.039
  -1.939
  -4.349
  -5.578
  -5.322
  -3.659
  -1.031
   1.874
   4.296
   5.596
   5.424
   3.804
   1.137
  -1.903
  -4.534
  -6.069
  -6.089
  -4.551
  -1.808
   1.477
    4.49
    6.47
     6.9
   5.635
   2.949
 -0.5296
  -3.969
  -6.535
  -7.592
  -6.865
  -4.507
  -1.067
   2.645
   5.746
   7.499
   7.488
   5.719
   2.619
   -1.07
  -4.468
  -6.773
   -7.45
  -6.361
  -3.794
 -0.3867
   3.028
   5.631
   6.812
    6.32
   4.313
   1.321
  -1.896
  -4.538
   -5.96
  -5.836
  -4.232
  -1.584
   1.413
   3.985
   5.476
    5.51
   4.092
   1.596
  -1.325
  -3.906
   -5.47
  -5.597
  -4.237
  -1.719
   1.321
   4.107
   5.914
   6.256
    5.01
   2.452
 -0.8041
  -3.956
  -6.215
  -6.996
  -6.072
  -3.632
 -0.2431
   3.288
   6.107
   7.521
   7.171
    5.12
   1.842
  -1.892
  -5.196
  -7.284
  -7.662
  -6.245
  -3.376
  0.2563
   3.783
    6.37
   7.415
    6.69
   4.397
   1.112
   -2.36
   -5.18
  -6.685
   -6.54
  -4.821
  -1.988
   1.235
    4.04
    5.74
   5.936
   4.612
   2.136
 -0.8378
  -3.538
  -5.272
  -5.601
  -4.449
  -2.122
  0.7694
   3.471
   5.273
   5.695
   4.608
   2.273
 -0.7262
  -3.625
  -5.673
  -6.322
  -5.372
  -3.024
  0.1659
   3.417
   5.918
   7.028
   6.441
   4.262
  0.9914
  -2.596
  -5.636
  -7.385
  -7.404
  -5.669
  -2.575
    1.15
   4.624
   7.024
    7.78
   6.718
   4.096
   0.545
  -3.086
  -5.937
  -7.341
  -6.985
  -4.985
  -1.845
   1.659
    4.68
   6.501
    6.71
   5.296
   2.646
 -0.5579
   -3.51
  -5.483
  -6.007
  -4.986
  -2.712
  0.2093
   3.017
   4.987
   5.618
   4.758
   2.636
 -0.1905
  -2.982
  -5.007
  -5.726
  -4.935
  -2.818
 0.09798
   3.071
   5.334
   6.286
   5.649
   3.544
  0.4665
  -2.836
  -5.542
  -6.962
  -6.714
   -4.82
  -1.707
    1.89
   5.107
   7.162
   7.542
   6.136
    3.26
 -0.4117
  -4.012
  -6.686
  -7.799
  -7.091
  -4.736
  -1.299
   2.398
   5.477
   7.216
   7.223
   5.524
   2.553
 -0.9537
  -4.145
   -6.26
  -6.814
  -5.709
  -3.258
-0.09597
    2.98
   5.209
   6.056
   5.343
   3.285
  0.4348
  -2.462
  -4.659
  -5.595
  -5.038
  -3.141
 -0.4042
   2.457
   4.694
   5.713
   5.234
   3.361
  0.5579
  -2.464
  -4.927
  -6.183
  -5.878
  -4.051
  -1.125
    2.19
   5.073
   6.794
   6.896
   5.317
   2.405
  -1.155
  -4.512
  -6.851
  -7.592
  -6.537
  -3.919
 -0.3502
   3.327
    6.24
   7.695
    7.35
   5.291
   2.013
    -1.7
  -4.964
  -7.011
  -7.374
   -5.99
  -3.222
  0.2443
   3.563
    5.94
   6.822
   6.032
   3.802
  0.7151
  -2.447
  -4.899
  -6.049
  -5.638
  -3.807
  -1.049
   1.911
    4.31
   5.535
   5.279
   3.617
  0.9876
  -1.922
  -4.351
   -5.66
  -5.493
  -3.874
  -1.202
    1.85
   4.499
   6.053
   6.088
   4.556
   1.807
  -1.496
  -4.537
